good.bad  checking  duration  history  purpose  amount  savings  employed  installp  martial  coapp  resident  property  age  other  housing  existcr  job  depends  telephon  foreign
1 2 9.00 5 3 1919.00 1 4 4.00 3 1 3.00 3 35.00 3 1 1.00 3 1.00 2 1 
2 1 18.00 3 1 1216.00 1 2 4.00 2 1 3.00 3 23.00 3 1 1.00 3 1.00 2 1 
1 4 6.00 5 4 1382.00 1 3 1.00 2 1 1.00 3 28.00 3 2 2.00 3 1.00 2 1 
1 4 12.00 3 1 1101.00 1 3 3.00 4 1 2.00 1 27.00 3 2 2.00 3 1.00 2 1 
1 1 18.00 3 1 2249.00 2 4 4.00 3 1 3.00 3 30.00 3 2 1.00 4 2.00 2 1 
1 4 36.00 5 2 10477.00 5 5 2.00 3 1 4.00 4 42.00 3 3 2.00 3 1.00 1 1 
1 2 18.00 3 4 1113.00 1 3 4.00 2 3 4.00 1 26.00 3 2 1.00 2 2.00 1 1 
2 1 40.00 5 7 5998.00 1 3 4.00 3 1 3.00 4 27.00 1 2 1.00 3 1.00 2 1 
1 4 12.00 3 1 2133.00 5 5 4.00 2 1 4.00 4 52.00 3 3 1.00 4 1.00 2 1 
1 2 26.00 3 2 7966.00 1 2 2.00 3 1 3.00 3 30.00 3 2 2.00 3 1.00 1 1 
1 1 24.00 3 3 1747.00 1 2 4.00 3 2 1.00 2 24.00 3 2 1.00 2 1.00 1 2 
1 4 6.00 3 1 672.00 1 1 1.00 2 1 4.00 1 54.00 3 2 1.00 1 1.00 2 1 
1 4 18.00 3 1 1820.00 1 3 2.00 4 1 2.00 2 30.00 3 2 1.00 4 1.00 2 1 
1 2 12.00 5 5 1424.00 1 4 4.00 3 1 3.00 2 26.00 3 2 1.00 3 1.00 1 1 
1 1 12.00 2 8 339.00 1 5 4.00 4 1 1.00 3 45.00 1 2 1.00 2 1.00 1 1 
1 3 12.00 3 4 1297.00 1 3 3.00 4 1 4.00 1 23.00 3 1 1.00 3 1.00 1 1 
1 2 48.00 4 9 6681.00 5 3 4.00 3 1 4.00 4 38.00 3 3 1.00 3 2.00 2 1 
1 1 12.00 3 7 1200.00 5 3 4.00 2 1 4.00 2 23.00 1 1 1.00 3 1.00 2 1 
1 2 6.00 3 4 484.00 1 4 3.00 4 3 3.00 1 28.00 1 2 1.00 2 1.00 1 1 
1 4 12.00 3 1 3527.00 5 2 2.00 3 1 3.00 2 45.00 3 2 1.00 4 2.00 2 1 
2 1 12.00 3 3 7865.00 1 5 4.00 3 1 4.00 4 53.00 3 3 1.00 4 1.00 2 1 
1 2 12.00 3 9 841.00 2 4 2.00 2 1 4.00 1 23.00 3 1 1.00 2 1.00 1 1 
1 4 24.00 5 1 1287.00 4 5 4.00 2 1 4.00 1 37.00 3 2 2.00 3 1.00 2 1 
1 1 12.00 3 3 1262.00 5 5 2.00 1 1 4.00 2 49.00 3 2 1.00 2 1.00 2 1 
2 2 18.00 5 1 884.00 1 5 4.00 3 1 4.00 3 36.00 1 2 1.00 3 2.00 2 1 
2 1 36.00 3 1 1842.00 1 2 4.00 2 1 4.00 3 34.00 3 2 1.00 3 1.00 2 1 
1 1 24.00 3 3 3149.00 1 2 4.00 3 1 1.00 4 22.00 1 3 1.00 3 1.00 1 1 
1 4 12.00 5 4 618.00 1 5 4.00 3 1 4.00 1 56.00 3 2 1.00 3 1.00 1 1 
1 1 24.00 2 3 2483.00 3 3 4.00 3 1 4.00 1 22.00 2 2 1.00 3 1.00 2 1 
1 1 6.00 3 2 1352.00 3 1 1.00 2 1 2.00 2 23.00 3 1 1.00 1 1.00 2 1 
1 1 36.00 3 2 5493.00 1 5 2.00 3 1 4.00 4 42.00 3 3 1.00 3 2.00 1 1 
1 1 15.00 5 3 1478.00 1 5 4.00 3 1 4.00 3 44.00 3 2 2.00 3 2.00 2 1 
1 2 48.00 1 1 8358.00 3 2 1.00 2 1 1.00 3 30.00 3 2 2.00 3 1.00 1 1 
1 4 6.00 3 4 518.00 1 3 3.00 2 1 1.00 1 29.00 3 2 1.00 3 1.00 1 1 
1 2 15.00 3 4 1444.00 5 2 4.00 3 1 1.00 2 23.00 3 2 1.00 3 1.00 1 1 
2 1 24.00 3 1 3123.00 1 2 4.00 2 1 1.00 2 27.00 3 2 1.00 3 1.00 1 1 
1 2 30.00 2 3 3496.00 4 3 4.00 3 1 2.00 3 34.00 2 2 1.00 3 2.00 2 1 
1 2 18.00 3 6 3872.00 1 1 2.00 2 1 4.00 3 67.00 3 2 1.00 3 1.00 2 1 
1 4 36.00 3 9 5742.00 2 4 2.00 3 1 2.00 3 31.00 3 2 2.00 3 1.00 2 1 
1 4 9.00 5 7 936.00 3 5 4.00 3 1 2.00 3 52.00 3 2 2.00 3 1.00 2 1 
1 2 8.00 3 4 1414.00 1 3 4.00 3 3 2.00 1 33.00 3 2 1.00 3 1.00 1 2 
2 4 18.00 3 3 1533.00 1 2 4.00 4 2 1.00 2 43.00 3 2 1.00 2 2.00 1 1 
1 4 24.00 3 2 3488.00 2 4 3.00 2 1 4.00 3 23.00 3 2 1.00 3 1.00 1 1 
1 4 6.00 5 4 1898.00 5 3 1.00 3 1 2.00 1 34.00 3 2 2.00 2 2.00 1 1 
2 1 24.00 2 4 1546.00 1 4 4.00 3 3 4.00 3 24.00 1 1 1.00 2 1.00 1 1 
1 4 24.00 3 4 2284.00 1 4 4.00 3 1 2.00 3 28.00 3 2 1.00 3 1.00 2 1 
1 4 6.00 1 4 426.00 1 5 4.00 4 1 4.00 3 39.00 3 2 1.00 2 1.00 1 1 
2 4 18.00 5 1 1530.00 1 3 3.00 3 1 2.00 2 32.00 1 2 2.00 3 1.00 1 1 
2 2 36.00 3 7 12612.00 2 3 1.00 3 1 4.00 4 47.00 3 3 1.00 3 2.00 2 1 
2 1 18.00 3 5 1217.00 1 3 4.00 4 1 3.00 1 47.00 3 2 1.00 2 1.00 2 1 
2 2 12.00 3 3 951.00 2 2 4.00 2 1 4.00 3 27.00 1 1 4.00 3 1.00 1 1 
1 4 4.00 3 3 601.00 1 2 1.00 2 1 3.00 1 23.00 3 1 1.00 2 2.00 1 1 
2 2 24.00 3 1 1246.00 1 2 4.00 3 1 2.00 1 23.00 2 2 1.00 2 1.00 1 1 
1 1 18.00 1 9 3104.00 1 4 3.00 3 1 1.00 2 31.00 1 2 1.00 3 1.00 2 1 
1 4 24.00 3 4 1552.00 1 4 3.00 3 1 1.00 3 32.00 1 2 1.00 3 2.00 1 1 
2 2 48.00 4 7 6224.00 1 5 4.00 3 1 4.00 4 50.00 3 3 1.00 3 1.00 1 1 
1 4 24.00 5 3 1585.00 1 4 4.00 3 1 3.00 2 40.00 3 2 2.00 3 1.00 1 1 
2 2 36.00 3 4 2671.00 2 3 4.00 2 2 4.00 4 50.00 3 3 1.00 3 1.00 1 1 
2 2 24.00 3 4 2039.00 1 2 1.00 4 1 1.00 2 22.00 3 2 1.00 3 1.00 2 1 
2 2 36.00 4 9 4455.00 1 3 2.00 1 1 2.00 1 30.00 2 2 2.00 4 1.00 2 1 
1 4 12.00 5 3 5801.00 5 5 2.00 3 1 4.00 2 49.00 3 1 1.00 3 1.00 2 1 
1 1 24.00 5 4 1231.00 4 5 4.00 2 1 4.00 2 57.00 3 1 2.00 4 1.00 2 1 
1 4 9.00 5 4 3074.00 5 3 1.00 3 1 2.00 1 33.00 3 2 2.00 3 2.00 1 1 
2 4 24.00 3 9 4591.00 4 3 2.00 3 1 3.00 2 54.00 3 2 3.00 4 1.00 2 1 
1 2 12.00 3 4 1567.00 1 3 1.00 2 1 1.00 3 22.00 3 2 1.00 3 1.00 2 1 
1 4 12.00 3 9 1542.00 1 4 2.00 3 1 4.00 3 36.00 3 2 1.00 3 1.00 2 1 
1 4 15.00 5 4 1360.00 1 3 4.00 3 1 2.00 2 31.00 3 2 2.00 3 1.00 1 1 
1 4 9.00 3 1 2507.00 3 5 2.00 3 1 4.00 4 51.00 3 3 1.00 2 1.00 1 1 
1 1 12.00 3 3 2577.00 1 3 2.00 1 1 1.00 3 42.00 3 2 1.00 3 1.00 1 1 
1 4 18.00 3 1 2662.00 5 4 4.00 3 1 3.00 2 32.00 3 2 1.00 3 1.00 1 2 
1 4 9.00 3 4 2697.00 1 3 1.00 3 1 2.00 1 32.00 3 2 1.00 3 2.00 1 1 
1 2 12.00 3 2 2028.00 5 3 4.00 3 1 2.00 3 30.00 3 2 1.00 3 1.00 1 1 
1 4 36.00 3 4 2394.00 5 3 4.00 2 1 4.00 3 25.00 3 2 1.00 3 1.00 1 1 
2 2 12.00 3 1 888.00 1 5 4.00 3 1 4.00 3 41.00 1 2 1.00 2 2.00 1 1 
1 4 30.00 5 2 7596.00 5 5 1.00 3 1 4.00 3 63.00 3 2 2.00 3 1.00 1 1 
1 4 12.00 5 7 701.00 1 3 4.00 3 1 2.00 3 32.00 3 2 2.00 3 1.00 1 1 
2 3 10.00 3 1 1240.00 2 5 1.00 2 1 4.00 4 48.00 3 3 1.00 2 2.00 1 1 
2 2 24.00 3 2 12579.00 1 5 4.00 2 1 2.00 4 44.00 3 3 1.00 4 1.00 2 1 
1 2 18.00 3 7 1239.00 5 3 4.00 3 1 4.00 4 61.00 3 3 1.00 3 1.00 1 1 
1 3 24.00 3 3 1925.00 1 3 2.00 3 1 2.00 1 26.00 3 2 1.00 3 1.00 1 1 
2 2 30.00 3 3 3441.00 2 3 2.00 2 2 4.00 3 21.00 3 1 1.00 3 1.00 1 1 
2 1 36.00 3 1 9271.00 1 4 2.00 3 1 1.00 3 24.00 3 2 1.00 3 1.00 2 1 
1 4 12.00 3 1 1884.00 1 5 4.00 3 1 4.00 3 39.00 3 2 1.00 4 1.00 2 1 
1 4 15.00 3 3 2221.00 3 3 2.00 2 1 4.00 3 20.00 3 1 1.00 3 1.00 1 1 
1 1 27.00 3 4 3416.00 1 3 3.00 3 1 2.00 3 27.00 3 2 1.00 4 1.00 1 1 
1 2 18.00 4 9 2427.00 5 5 4.00 3 1 2.00 2 42.00 3 2 2.00 3 1.00 1 1 
1 2 21.00 5 3 2745.00 4 4 3.00 3 1 2.00 3 32.00 3 2 2.00 3 1.00 2 1 
2 1 15.00 3 1 3959.00 1 3 3.00 2 1 2.00 2 29.00 3 2 1.00 3 1.00 2 1 
1 4 24.00 5 4 2872.00 2 5 3.00 3 1 4.00 1 36.00 3 2 1.00 3 2.00 2 1 
1 4 12.00 3 4 3059.00 4 4 2.00 1 1 4.00 1 61.00 3 2 1.00 2 1.00 1 1 
1 2 42.00 2 2 9283.00 1 1 1.00 3 1 2.00 4 55.00 1 3 1.00 4 1.00 2 1 
1 2 6.00 4 9 1449.00 2 5 1.00 1 1 2.00 3 31.00 1 2 2.00 3 2.00 1 1 
2 4 6.00 3 3 4611.00 1 2 1.00 2 1 4.00 2 32.00 3 2 1.00 3 1.00 1 1 
1 2 12.00 3 4 625.00 1 2 4.00 4 3 1.00 1 26.00 1 2 1.00 2 1.00 1 1 
2 1 12.00 5 1 3499.00 1 3 3.00 2 2 2.00 1 29.00 3 2 2.00 3 1.00 1 1 
1 2 18.00 3 1 6260.00 1 4 3.00 3 1 3.00 1 28.00 3 1 1.00 2 1.00 1 1 
1 4 10.00 3 1 1287.00 5 5 4.00 3 2 2.00 2 45.00 3 2 1.00 2 1.00 1 2 
2 2 24.00 5 10 11938.00 1 3 2.00 3 2 3.00 3 39.00 3 2 2.00 4 2.00 2 1 
1 4 30.00 5 4 2831.00 1 3 4.00 2 1 2.00 3 33.00 3 2 1.00 3 1.00 2 1 
2 1 12.00 3 8 902.00 1 4 4.00 4 1 4.00 2 21.00 3 1 1.00 3 1.00 1 1 
1 4 15.00 5 3 2788.00 1 4 2.00 2 2 3.00 3 24.00 1 2 2.00 3 1.00 1 1 
1 4 24.00 3 2 9277.00 5 3 2.00 1 1 4.00 4 48.00 3 3 1.00 3 1.00 2 1 
1 1 12.00 3 1 3651.00 4 3 1.00 3 1 3.00 2 31.00 3 2 1.00 3 2.00 1 1 
2 1 24.00 3 4 1282.00 2 3 4.00 2 1 2.00 3 32.00 3 2 1.00 2 1.00 1 1 
2 1 12.00 1 6 1108.00 1 4 4.00 3 1 3.00 1 28.00 3 2 2.00 3 1.00 1 1 
1 1 8.00 5 1 3398.00 1 4 1.00 3 1 4.00 1 39.00 3 2 2.00 2 1.00 1 2 
1 1 24.00 3 3 4169.00 1 3 4.00 3 1 4.00 2 28.00 3 2 1.00 3 1.00 1 1 
2 1 20.00 5 1 2235.00 1 3 4.00 4 3 2.00 2 33.00 1 1 2.00 3 1.00 1 2 
1 1 24.00 3 10 1755.00 1 5 4.00 2 3 4.00 1 58.00 3 2 1.00 2 1.00 2 1 
2 3 30.00 4 9 1908.00 1 5 4.00 3 1 4.00 1 66.00 3 2 1.00 4 1.00 2 1 
1 4 36.00 4 2 8947.00 5 4 3.00 3 1 2.00 3 31.00 2 2 1.00 4 2.00 2 1 
1 1 11.00 5 1 3905.00 1 3 2.00 3 1 2.00 1 36.00 3 1 2.00 3 2.00 1 1 
1 4 24.00 5 2 3868.00 1 5 4.00 2 1 2.00 3 41.00 3 1 2.00 4 1.00 2 1 
2 2 30.00 4 4 1919.00 2 2 4.00 3 1 3.00 4 30.00 2 2 2.00 4 1.00 1 1 
1 1 21.00 3 1 3763.00 5 4 2.00 3 2 2.00 1 24.00 3 2 1.00 2 1.00 1 2 
1 4 36.00 5 4 3342.00 5 5 4.00 3 1 2.00 3 51.00 3 2 1.00 3 1.00 2 1 
2 2 12.00 1 3 2969.00 1 2 4.00 2 1 3.00 2 25.00 3 1 2.00 3 1.00 1 1 
2 2 6.00 2 1 931.00 2 2 1.00 2 1 1.00 2 32.00 2 2 1.00 2 1.00 1 1 
1 1 48.00 3 7 7476.00 1 4 4.00 3 1 1.00 4 50.00 3 3 1.00 4 1.00 2 1 
1 4 24.00 3 4 1376.00 3 4 4.00 2 1 1.00 3 28.00 3 2 1.00 3 1.00 1 1 
1 4 15.00 3 4 3568.00 1 5 4.00 2 1 2.00 3 54.00 1 1 1.00 4 1.00 2 1 
1 2 9.00 3 4 790.00 3 3 4.00 2 1 3.00 1 66.00 3 2 1.00 2 1.00 1 1 
1 2 15.00 3 6 1514.00 2 3 4.00 3 3 2.00 1 22.00 3 2 1.00 3 1.00 1 1 
2 2 18.00 5 1 1056.00 1 5 3.00 3 3 3.00 1 30.00 1 2 2.00 3 1.00 1 1 
1 4 24.00 5 1 1940.00 4 5 4.00 3 1 4.00 1 60.00 3 2 1.00 3 1.00 2 1 
1 4 48.00 5 4 3578.00 5 5 4.00 3 1 1.00 1 47.00 3 2 1.00 3 1.00 2 1 
1 1 6.00 5 4 1957.00 1 4 1.00 2 1 4.00 3 31.00 3 2 1.00 3 1.00 1 1 
1 4 12.00 1 3 2759.00 1 5 2.00 3 1 4.00 2 34.00 3 2 2.00 3 1.00 1 1 
1 4 24.00 5 4 2424.00 5 5 4.00 3 1 4.00 2 53.00 3 2 2.00 3 1.00 1 1 
1 1 12.00 3 4 701.00 1 3 4.00 4 1 2.00 1 40.00 3 2 1.00 2 1.00 1 1 
2 3 15.00 3 4 2327.00 1 2 2.00 2 1 3.00 1 25.00 3 2 1.00 2 1.00 1 1 
1 2 6.00 3 4 753.00 1 3 2.00 2 3 3.00 1 64.00 3 2 1.00 3 1.00 1 1 
1 4 30.00 3 4 2333.00 3 5 4.00 3 1 2.00 3 30.00 1 2 1.00 4 1.00 1 1 
1 2 24.00 3 4 2896.00 2 2 2.00 3 1 1.00 3 29.00 3 2 1.00 3 1.00 1 1 
1 1 24.00 5 9 1382.00 2 4 4.00 3 1 1.00 1 26.00 3 2 2.00 3 1.00 2 1 
2 1 30.00 3 3 6350.00 5 5 4.00 3 1 4.00 2 31.00 3 2 1.00 3 1.00 1 1 
2 4 18.00 5 1 2775.00 1 4 2.00 3 1 2.00 2 31.00 1 2 2.00 3 1.00 1 1 
1 2 12.00 5 1 958.00 1 4 2.00 3 1 3.00 1 47.00 3 2 2.00 2 2.00 1 1 
1 3 15.00 5 2 2360.00 3 3 2.00 3 1 2.00 3 36.00 3 2 1.00 3 1.00 2 1 
2 4 48.00 5 2 11590.00 2 3 2.00 2 1 4.00 3 24.00 1 1 2.00 2 1.00 1 1 
1 4 24.00 3 1 1525.00 4 4 4.00 2 1 3.00 3 34.00 3 2 1.00 3 2.00 2 1 
1 4 24.00 3 8 937.00 1 2 4.00 4 1 3.00 3 27.00 3 2 2.00 2 1.00 1 1 
2 4 24.00 3 4 5943.00 5 2 1.00 2 1 1.00 3 44.00 3 2 2.00 3 1.00 2 1 
1 4 36.00 3 9 7409.00 5 5 3.00 3 1 2.00 2 37.00 3 2 2.00 3 1.00 1 1 
1 1 24.00 3 4 2384.00 1 5 4.00 3 1 4.00 1 64.00 1 1 1.00 2 1.00 1 1 
1 4 6.00 5 4 700.00 5 5 4.00 3 1 4.00 4 36.00 3 3 2.00 3 1.00 1 1 
1 4 36.00 4 4 4454.00 1 3 4.00 2 1 4.00 1 34.00 3 2 2.00 3 1.00 1 1 
2 1 36.00 5 2 9629.00 1 4 4.00 3 1 4.00 3 24.00 3 2 2.00 3 1.00 2 1 
1 4 39.00 3 2 2569.00 3 3 4.00 3 1 4.00 3 24.00 3 2 1.00 3 1.00 1 1 
1 1 18.00 3 3 3650.00 1 2 1.00 2 1 4.00 3 22.00 3 1 1.00 3 1.00 1 1 
1 4 24.00 3 4 3105.00 5 2 4.00 3 1 2.00 3 25.00 3 2 2.00 3 1.00 1 1 
1 4 15.00 5 7 1532.00 2 3 4.00 2 1 3.00 3 31.00 3 2 1.00 3 1.00 1 1 
1 2 18.00 3 3 3001.00 1 4 2.00 2 1 4.00 1 40.00 3 1 1.00 3 1.00 1 1 
2 2 6.00 3 1 14555.00 5 1 1.00 3 1 2.00 2 23.00 3 2 1.00 1 1.00 2 1 
1 4 24.00 5 9 4139.00 2 3 3.00 3 1 3.00 2 27.00 3 2 2.00 2 1.00 2 1 
1 4 48.00 2 9 3609.00 1 3 1.00 2 1 1.00 1 27.00 2 2 1.00 3 1.00 1 1 
1 4 24.00 3 1 3757.00 1 5 4.00 2 2 4.00 4 62.00 3 3 1.00 3 1.00 2 1 
1 4 24.00 3 2 7814.00 1 4 3.00 3 1 3.00 3 38.00 3 2 1.00 4 1.00 2 1 
1 1 24.00 3 3 4020.00 1 3 2.00 3 1 2.00 3 27.00 2 2 1.00 3 1.00 1 1 
2 1 24.00 3 3 2996.00 5 3 2.00 4 1 4.00 3 20.00 3 2 1.00 3 1.00 1 1 
2 3 9.00 1 4 1337.00 1 2 4.00 3 1 2.00 3 34.00 3 2 2.00 4 1.00 2 1 
1 4 24.00 5 4 1851.00 1 4 4.00 4 3 2.00 3 33.00 3 2 2.00 3 1.00 2 1 
1 1 18.00 5 4 1880.00 1 4 4.00 4 1 1.00 2 32.00 3 2 2.00 4 1.00 2 1 
2 2 36.00 1 4 3804.00 1 3 4.00 2 1 1.00 3 42.00 3 2 1.00 3 1.00 2 1 
2 2 18.00 3 2 12976.00 1 1 3.00 2 1 4.00 4 38.00 3 3 1.00 4 1.00 2 1 
2 2 12.00 3 1 685.00 1 4 2.00 4 1 3.00 3 25.00 1 2 1.00 2 1.00 1 1 
1 1 24.00 5 2 6615.00 1 1 2.00 3 1 4.00 4 75.00 3 3 2.00 4 1.00 2 1 
2 2 36.00 5 1 2820.00 1 2 4.00 1 1 4.00 3 27.00 3 2 2.00 3 1.00 1 1 
2 3 18.00 3 3 2864.00 1 3 2.00 3 1 1.00 1 34.00 3 2 1.00 2 2.00 1 1 
1 4 36.00 3 2 4686.00 1 3 2.00 3 1 2.00 4 32.00 3 3 1.00 4 1.00 2 1 
1 2 12.00 1 8 1410.00 1 3 2.00 3 1 2.00 1 31.00 3 2 1.00 2 1.00 2 1 
1 1 21.00 3 4 3357.00 4 2 4.00 2 1 2.00 3 29.00 1 2 1.00 3 1.00 1 1 
1 2 24.00 5 2 7758.00 4 5 2.00 2 1 4.00 4 29.00 3 1 1.00 3 1.00 1 1 
1 2 27.00 4 2 5965.00 1 5 1.00 3 1 2.00 3 30.00 3 2 2.00 4 1.00 2 1 
1 4 48.00 5 2 8858.00 5 4 2.00 3 1 1.00 4 35.00 3 3 2.00 3 1.00 2 1 
2 1 48.00 1 3 7119.00 1 3 3.00 3 1 4.00 4 53.00 3 3 2.00 3 2.00 1 1 
1 4 10.00 3 1 1364.00 1 3 2.00 2 1 4.00 3 64.00 3 2 1.00 3 1.00 2 1 
1 2 16.00 5 1 1175.00 1 1 2.00 3 1 3.00 3 68.00 3 3 3.00 1 1.00 2 1 
2 1 30.00 3 3 2406.00 1 4 4.00 2 1 4.00 1 23.00 3 1 1.00 3 1.00 1 1 
2 4 12.00 3 1 1386.00 3 3 2.00 2 1 2.00 2 26.00 3 2 1.00 3 1.00 1 1 
1 1 12.00 3 3 1289.00 1 3 4.00 3 3 1.00 2 21.00 3 2 1.00 2 1.00 1 1 
1 2 39.00 4 7 11760.00 2 4 2.00 3 1 3.00 4 32.00 3 1 1.00 3 1.00 2 1 
1 4 12.00 3 3 1574.00 1 3 4.00 3 1 2.00 1 50.00 3 2 1.00 3 1.00 1 1 
1 2 12.00 5 1 2366.00 3 4 3.00 1 1 3.00 3 36.00 3 2 1.00 4 1.00 2 1 
2 1 24.00 2 1 1193.00 1 1 1.00 2 2 4.00 4 29.00 3 1 2.00 1 1.00 1 1 
1 4 28.00 5 4 2743.00 1 5 4.00 3 1 2.00 3 29.00 3 2 2.00 3 1.00 1 1 
2 2 12.00 3 6 639.00 1 3 4.00 3 1 2.00 3 30.00 3 2 1.00 3 1.00 1 1 
1 1 12.00 3 3 708.00 1 3 2.00 3 3 3.00 2 38.00 3 2 1.00 2 2.00 1 1 
1 1 6.00 3 4 2647.00 3 3 2.00 3 1 3.00 1 44.00 3 1 1.00 3 2.00 1 1 
1 4 15.00 3 2 4657.00 1 3 3.00 3 1 2.00 3 30.00 3 2 1.00 3 1.00 2 1 
1 1 24.00 2 2 3632.00 1 3 1.00 2 3 4.00 3 22.00 1 1 1.00 3 1.00 1 2 
1 4 48.00 4 4 7238.00 5 5 3.00 3 1 3.00 3 32.00 1 2 2.00 3 2.00 1 1 
1 4 9.00 5 3 2406.00 1 1 2.00 3 1 3.00 3 31.00 3 2 1.00 4 1.00 1 1 
1 4 9.00 3 4 2753.00 2 5 3.00 3 2 4.00 3 35.00 3 2 1.00 3 1.00 2 1 
1 1 36.00 5 3 2348.00 1 3 3.00 4 1 2.00 2 46.00 3 2 2.00 3 1.00 2 1 
1 2 36.00 3 4 4795.00 1 2 4.00 2 1 1.00 4 30.00 3 2 1.00 4 1.00 2 1 
1 2 24.00 4 9 4712.00 5 3 4.00 3 1 2.00 2 37.00 1 2 2.00 4 1.00 2 1 
2 3 12.00 5 1 939.00 3 4 4.00 4 1 2.00 1 28.00 3 2 3.00 3 1.00 2 1 
1 4 18.00 5 4 1800.00 1 3 4.00 3 1 2.00 3 24.00 3 2 2.00 3 1.00 1 1 
1 4 18.00 3 4 1505.00 1 3 4.00 3 1 2.00 4 32.00 3 3 1.00 4 1.00 2 1 
2 1 48.00 3 1 7763.00 1 5 4.00 3 1 4.00 4 42.00 1 3 1.00 4 1.00 1 1 
1 2 9.00 3 1 1549.00 5 2 4.00 3 1 2.00 1 35.00 3 2 1.00 1 1.00 1 1 
1 4 24.00 3 4 1311.00 2 4 4.00 4 1 3.00 2 26.00 3 2 1.00 3 1.00 2 1 
1 2 18.00 5 9 3590.00 1 1 3.00 4 1 3.00 3 40.00 3 2 3.00 1 2.00 2 1 
1 4 18.00 3 3 2515.00 1 3 3.00 3 1 4.00 1 43.00 3 2 1.00 3 1.00 2 1 
1 4 15.00 3 5 1262.00 3 4 4.00 3 1 3.00 2 36.00 3 2 2.00 3 1.00 2 1 
1 4 12.00 5 4 1655.00 1 5 2.00 3 1 4.00 1 63.00 3 2 2.00 2 1.00 2 1 
1 3 30.00 5 4 3017.00 1 5 4.00 3 1 4.00 2 47.00 3 2 1.00 3 1.00 1 1 
1 3 12.00 3 4 3399.00 5 5 2.00 3 1 3.00 3 37.00 3 2 1.00 4 1.00 1 1 
1 4 6.00 3 1 3518.00 1 3 2.00 3 3 3.00 2 26.00 3 1 1.00 3 1.00 1 1 
1 3 42.00 1 9 6289.00 1 2 2.00 1 1 1.00 2 33.00 3 2 2.00 3 1.00 1 1 
1 2 9.00 3 3 2030.00 5 4 2.00 3 1 1.00 3 24.00 3 2 1.00 3 1.00 2 1 
1 4 6.00 2 4 1750.00 3 5 2.00 3 1 4.00 2 45.00 1 2 1.00 2 2.00 1 1 
2 4 36.00 5 1 7855.00 1 3 4.00 2 1 2.00 1 25.00 2 2 2.00 3 1.00 2 1 
2 2 36.00 4 1 8086.00 2 5 2.00 3 1 4.00 3 42.00 3 2 4.00 4 1.00 2 1 
2 1 12.00 3 1 1372.00 1 4 2.00 1 1 3.00 3 36.00 3 2 1.00 3 1.00 1 1 
1 1 30.00 1 9 8072.00 5 2 2.00 3 1 3.00 3 25.00 1 2 3.00 3 1.00 1 1 
2 1 24.00 4 1 4870.00 1 3 3.00 3 1 4.00 4 53.00 3 3 2.00 3 2.00 1 1 
2 1 36.00 2 3 2746.00 1 5 4.00 3 1 4.00 3 31.00 1 2 1.00 3 1.00 1 1 
1 1 12.00 5 4 385.00 1 4 4.00 2 1 3.00 1 58.00 3 2 4.00 2 1.00 2 1 
1 1 12.00 3 3 1858.00 1 2 4.00 2 1 1.00 3 22.00 3 1 1.00 3 1.00 1 1 
2 2 9.00 3 3 918.00 1 3 4.00 2 1 1.00 2 30.00 3 2 1.00 3 1.00 1 1 
1 2 24.00 5 9 2825.00 5 4 4.00 3 1 3.00 4 34.00 3 2 2.00 3 2.00 2 1 
2 1 24.00 3 1 1381.00 5 3 4.00 2 1 2.00 2 35.00 3 2 1.00 3 1.00 1 1 
1 4 12.00 5 7 2012.00 5 4 4.00 2 1 2.00 3 61.00 3 2 1.00 3 1.00 1 1 
1 2 12.00 3 3 3017.00 1 2 3.00 2 1 1.00 1 34.00 3 1 1.00 4 1.00 1 1 
1 4 30.00 5 4 5954.00 1 4 3.00 3 2 2.00 3 38.00 3 2 1.00 3 1.00 1 1 
1 4 15.00 3 3 2186.00 5 4 1.00 2 1 4.00 1 33.00 1 1 1.00 2 1.00 1 1 
2 2 48.00 5 3 5096.00 1 3 2.00 2 1 3.00 3 30.00 3 2 1.00 4 1.00 2 1 
2 2 15.00 2 1 6850.00 2 1 1.00 3 1 2.00 2 34.00 3 2 1.00 4 2.00 2 1 
2 1 24.00 3 4 1938.00 1 2 4.00 1 1 3.00 2 32.00 3 2 1.00 3 1.00 1 1 
1 1 15.00 3 3 1845.00 1 2 4.00 2 3 1.00 2 46.00 3 1 1.00 3 1.00 1 1 
1 2 10.00 3 1 7308.00 1 1 2.00 3 1 4.00 4 70.00 1 3 1.00 4 1.00 2 1 
1 4 24.00 5 1 2022.00 1 3 4.00 2 1 4.00 3 37.00 3 2 1.00 3 1.00 2 1 
1 2 12.00 3 4 1092.00 1 3 4.00 2 3 4.00 1 49.00 3 2 2.00 3 1.00 2 1 
1 1 24.00 3 3 3021.00 1 3 2.00 1 1 2.00 1 24.00 3 1 1.00 2 1.00 1 1 
2 4 18.00 1 9 4165.00 1 3 2.00 3 1 2.00 3 36.00 2 2 2.00 3 2.00 1 1 
2 1 24.00 3 4 1987.00 1 3 2.00 3 1 4.00 1 21.00 3 1 1.00 2 2.00 1 1 
1 4 36.00 4 1 10875.00 1 5 2.00 3 1 2.00 3 45.00 3 2 2.00 3 2.00 2 1 
1 2 30.00 3 4 1715.00 5 3 4.00 2 1 1.00 3 26.00 3 2 1.00 3 1.00 1 1 
1 2 42.00 5 9 5954.00 1 4 2.00 2 1 1.00 1 41.00 1 2 2.00 2 1.00 1 1 
2 1 36.00 3 4 2302.00 1 3 4.00 1 1 4.00 3 31.00 3 1 1.00 3 1.00 1 1 
1 2 24.00 4 9 6967.00 2 4 4.00 3 1 4.00 3 36.00 3 1 1.00 4 1.00 2 1 
1 1 14.00 3 1 3973.00 1 1 1.00 3 1 4.00 4 22.00 3 3 1.00 3 1.00 1 1 
2 1 18.00 3 7 750.00 1 1 4.00 2 1 1.00 1 27.00 3 2 1.00 1 1.00 1 1 
2 1 12.00 1 4 6199.00 1 3 4.00 3 1 2.00 2 28.00 3 1 2.00 3 1.00 2 1 
1 4 18.00 3 4 2051.00 1 2 4.00 3 1 1.00 1 33.00 3 2 1.00 3 1.00 1 1 
2 1 15.00 1 1 950.00 1 5 4.00 3 1 3.00 3 33.00 3 1 2.00 3 2.00 1 1 
2 1 12.00 1 1 1082.00 1 3 4.00 3 1 4.00 3 48.00 1 2 2.00 3 1.00 1 1 
1 1 30.00 1 3 4583.00 1 3 2.00 1 3 2.00 1 32.00 3 2 2.00 3 1.00 1 1 
2 1 24.00 4 4 1659.00 1 2 4.00 2 1 2.00 3 29.00 3 1 1.00 2 1.00 2 1 
1 2 11.00 5 1 1322.00 4 3 4.00 2 1 4.00 3 40.00 3 2 2.00 3 1.00 1 1 
1 4 7.00 5 4 730.00 5 5 4.00 3 1 2.00 2 46.00 3 1 2.00 2 1.00 2 1 
1 4 21.00 5 3 2288.00 1 2 4.00 2 1 4.00 2 23.00 3 2 1.00 3 1.00 2 1 
1 4 6.00 4 4 932.00 1 3 3.00 2 1 2.00 1 24.00 3 2 1.00 3 1.00 1 1 
2 1 24.00 2 3 6872.00 1 2 2.00 1 1 1.00 2 55.00 1 2 1.00 3 1.00 2 1 
1 1 9.00 3 4 1364.00 1 4 3.00 3 1 4.00 1 59.00 3 2 1.00 3 1.00 1 1 
2 2 48.00 3 4 3060.00 1 4 4.00 3 1 4.00 1 28.00 3 2 2.00 3 1.00 1 1 
1 2 9.00 3 1 3195.00 5 3 1.00 2 1 2.00 1 33.00 3 2 1.00 2 1.00 1 1 
2 1 24.00 3 3 3345.00 1 5 4.00 3 1 2.00 2 39.00 3 1 1.00 4 1.00 2 1 
2 2 48.00 3 4 5951.00 1 3 2.00 2 1 2.00 1 22.00 3 2 1.00 3 1.00 1 1 
1 2 9.00 3 4 1206.00 1 5 4.00 2 1 4.00 1 25.00 3 2 1.00 3 1.00 1 1 
1 4 12.00 5 4 522.00 3 5 4.00 3 1 4.00 2 42.00 3 2 2.00 3 2.00 2 1 
1 4 18.00 3 9 1950.00 1 4 4.00 3 1 1.00 3 34.00 2 2 2.00 3 1.00 2 1 
1 4 11.00 3 9 2142.00 4 5 1.00 1 1 2.00 1 28.00 3 2 1.00 3 1.00 2 1 
1 2 60.00 4 4 9157.00 5 3 2.00 3 1 2.00 4 27.00 3 3 1.00 4 1.00 1 1 
1 4 27.00 3 6 5190.00 5 5 4.00 3 1 4.00 2 48.00 3 2 4.00 3 2.00 2 1 
2 2 48.00 1 10 18424.00 1 3 1.00 2 1 2.00 2 32.00 1 2 1.00 4 1.00 2 2 
1 4 60.00 3 4 10144.00 2 4 2.00 2 1 4.00 1 21.00 3 2 1.00 3 1.00 2 1 
1 4 9.00 5 1 1224.00 1 3 3.00 3 1 1.00 1 30.00 3 2 2.00 3 1.00 1 1 
1 4 54.00 1 2 9436.00 5 3 2.00 3 1 2.00 2 39.00 3 2 1.00 2 2.00 1 1 
1 4 10.00 3 4 1924.00 1 3 1.00 3 1 4.00 2 38.00 3 2 1.00 3 1.00 2 2 
2 2 8.00 3 3 1237.00 1 3 3.00 2 1 4.00 1 24.00 3 2 1.00 3 1.00 1 1 
1 2 24.00 4 4 1553.00 2 4 3.00 2 1 2.00 2 23.00 3 1 2.00 3 1.00 2 1 
2 4 12.00 4 6 1555.00 4 5 4.00 3 1 4.00 4 55.00 3 3 2.00 3 2.00 1 1 
1 4 9.00 3 1 3577.00 2 3 1.00 3 3 2.00 1 26.00 3 1 1.00 3 2.00 1 2 
1 2 48.00 3 10 5381.00 5 1 3.00 3 1 4.00 4 40.00 1 3 1.00 1 1.00 2 1 
2 4 9.00 3 4 1478.00 1 4 4.00 3 1 2.00 3 22.00 3 2 1.00 3 1.00 1 1 
2 1 12.00 3 1 2579.00 1 2 4.00 3 1 1.00 1 33.00 3 2 1.00 2 2.00 1 1 
2 1 24.00 2 3 3349.00 3 2 4.00 3 1 4.00 4 30.00 3 3 1.00 3 2.00 2 1 
2 1 24.00 3 1 2303.00 1 5 4.00 3 2 1.00 1 45.00 3 2 1.00 3 1.00 1 1 
1 4 24.00 5 3 5150.00 1 5 4.00 3 1 4.00 3 33.00 3 2 1.00 3 1.00 2 1 
2 2 15.00 3 1 2631.00 2 3 2.00 2 1 4.00 3 28.00 3 1 2.00 3 1.00 2 1 
1 3 6.00 3 3 2116.00 1 3 2.00 3 1 2.00 1 41.00 3 2 1.00 3 1.00 2 1 
1 1 6.00 3 1 1374.00 5 1 4.00 2 1 3.00 2 75.00 3 2 1.00 4 1.00 2 1 
2 1 45.00 1 9 11816.00 1 5 2.00 3 1 4.00 3 29.00 3 1 2.00 3 1.00 1 1 
1 4 42.00 5 3 4042.00 3 3 4.00 3 1 4.00 1 36.00 3 2 2.00 3 1.00 2 1 
1 1 12.00 5 1 2122.00 1 3 3.00 3 1 2.00 1 39.00 3 1 2.00 2 2.00 1 2 
1 2 18.00 3 2 2779.00 1 3 1.00 4 1 3.00 3 21.00 3 1 1.00 3 1.00 2 1 
2 1 18.00 1 3 3114.00 1 2 1.00 2 1 4.00 2 26.00 3 1 1.00 3 1.00 1 1 
2 1 24.00 3 1 1371.00 5 3 4.00 2 1 4.00 1 25.00 3 1 1.00 3 1.00 1 1 
1 1 18.00 3 3 2659.00 4 3 4.00 3 1 2.00 3 28.00 3 2 1.00 3 1.00 1 1 
2 1 36.00 3 2 8335.00 5 5 3.00 3 1 4.00 4 47.00 3 3 1.00 3 1.00 1 1 
2 1 33.00 5 3 4281.00 3 3 1.00 2 1 4.00 3 23.00 3 2 2.00 3 1.00 1 1 
1 4 15.00 3 4 1979.00 5 5 4.00 3 1 2.00 3 35.00 3 2 1.00 3 1.00 1 1 
1 1 39.00 5 3 14179.00 5 4 4.00 3 1 4.00 2 30.00 3 2 2.00 4 1.00 2 1 
2 1 18.00 3 3 2039.00 1 3 1.00 2 1 4.00 1 20.00 1 1 1.00 3 1.00 1 1 
1 3 24.00 3 4 1258.00 3 3 3.00 2 1 3.00 3 57.00 3 2 1.00 2 1.00 1 1 
2 4 36.00 4 4 4463.00 1 3 4.00 3 1 2.00 3 26.00 3 2 2.00 4 1.00 2 1 
2 1 48.00 3 1 3931.00 1 4 4.00 3 1 4.00 4 46.00 3 3 1.00 3 2.00 1 1 
2 4 12.00 5 4 797.00 5 5 4.00 2 1 3.00 2 33.00 1 2 1.00 2 2.00 1 1 
2 4 21.00 5 1 12680.00 5 5 4.00 3 1 4.00 4 30.00 3 3 1.00 4 1.00 2 1 
2 1 24.00 2 10 1358.00 5 5 4.00 3 1 3.00 3 40.00 2 2 1.00 4 1.00 2 1 
2 1 18.00 3 4 2600.00 1 3 4.00 3 1 4.00 4 65.00 3 3 2.00 3 1.00 1 1 
1 2 36.00 5 2 5800.00 1 3 3.00 3 1 4.00 3 34.00 3 2 2.00 3 1.00 2 1 
1 4 6.00 3 6 660.00 3 4 2.00 4 1 4.00 1 23.00 3 1 1.00 2 1.00 1 1 
2 1 36.00 3 7 1977.00 5 5 4.00 3 1 4.00 4 40.00 3 2 1.00 4 1.00 2 1 
1 2 7.00 3 4 2576.00 1 3 2.00 3 3 2.00 1 35.00 3 2 1.00 3 1.00 1 1 
2 2 9.00 2 2 5129.00 1 5 2.00 2 1 4.00 4 74.00 1 3 1.00 4 2.00 2 1 
1 1 12.00 5 1 2121.00 1 3 4.00 3 1 2.00 2 30.00 3 2 2.00 3 1.00 1 1 
1 4 12.00 3 4 776.00 1 3 4.00 4 1 2.00 1 28.00 3 2 1.00 3 1.00 1 1 
2 1 12.00 2 4 626.00 1 3 4.00 2 1 4.00 1 24.00 1 2 1.00 2 1.00 1 1 
2 1 12.00 5 1 691.00 1 5 4.00 3 1 3.00 2 35.00 3 2 2.00 3 1.00 1 1 
1 4 12.00 5 3 1592.00 4 4 3.00 2 1 2.00 2 35.00 3 2 1.00 3 1.00 1 2 
1 4 36.00 5 2 11054.00 5 3 4.00 3 1 2.00 3 30.00 3 2 1.00 4 1.00 2 1 
1 1 24.00 3 2 2812.00 5 5 2.00 2 1 4.00 1 26.00 3 1 1.00 3 1.00 1 1 
2 2 18.00 3 3 1924.00 5 2 4.00 2 1 3.00 1 27.00 3 1 1.00 3 1.00 1 1 
1 1 24.00 2 1 2325.00 2 4 2.00 3 1 3.00 3 32.00 1 2 1.00 3 1.00 1 1 
1 4 12.00 3 4 2073.00 2 3 4.00 2 2 2.00 1 28.00 3 2 1.00 3 1.00 1 1 
1 4 12.00 3 4 2141.00 2 4 3.00 3 1 1.00 4 35.00 3 2 1.00 3 1.00 1 1 
1 1 12.00 5 2 1409.00 1 5 4.00 3 1 3.00 1 54.00 3 2 1.00 3 1.00 1 1 
2 2 72.00 3 4 5595.00 2 3 2.00 4 1 2.00 3 24.00 3 2 1.00 3 1.00 1 1 
1 2 15.00 5 4 1537.00 5 5 4.00 3 3 4.00 1 50.00 3 2 2.00 3 1.00 2 1 
1 3 10.00 3 5 1225.00 1 3 2.00 3 1 2.00 3 37.00 3 2 1.00 3 1.00 2 1 
1 4 15.00 3 4 1386.00 5 3 4.00 4 1 2.00 1 40.00 3 1 1.00 3 1.00 2 1 
2 2 30.00 5 3 8386.00 1 4 2.00 3 1 2.00 2 49.00 3 2 1.00 3 1.00 1 1 
1 4 18.00 5 4 6070.00 1 5 3.00 3 1 4.00 3 33.00 3 2 2.00 3 1.00 2 1 
2 2 12.00 3 4 1534.00 1 2 1.00 4 1 1.00 1 23.00 3 1 1.00 3 1.00 1 1 
2 2 36.00 3 3 9034.00 2 2 4.00 3 2 1.00 4 29.00 3 1 1.00 4 1.00 2 1 
1 2 12.00 3 1 7472.00 5 1 1.00 2 1 2.00 1 24.00 3 1 1.00 1 1.00 1 1 
1 2 11.00 4 4 4771.00 1 4 2.00 3 1 4.00 2 51.00 3 2 1.00 3 1.00 1 1 
2 1 12.00 3 1 1274.00 1 2 3.00 2 1 1.00 1 37.00 3 2 1.00 2 1.00 1 1 
2 1 48.00 2 9 7685.00 1 4 2.00 2 3 4.00 3 37.00 3 1 1.00 3 1.00 1 1 
1 4 24.00 4 9 3863.00 1 3 1.00 3 1 2.00 4 32.00 3 3 1.00 3 1.00 1 1 
1 4 24.00 3 4 1533.00 1 2 4.00 2 1 3.00 3 38.00 2 2 1.00 3 1.00 2 1 
1 4 15.00 2 4 1569.00 2 5 4.00 3 1 4.00 3 34.00 1 2 1.00 2 2.00 1 1 
2 1 48.00 3 2 10297.00 1 4 4.00 3 1 4.00 4 39.00 2 3 3.00 3 2.00 2 1 
1 4 15.00 3 2 1300.00 5 5 4.00 3 1 4.00 4 45.00 1 3 1.00 3 2.00 1 1 
1 4 12.00 3 3 763.00 1 3 4.00 2 1 1.00 1 26.00 3 2 1.00 3 1.00 2 1 
2 4 10.00 3 3 2210.00 1 3 2.00 3 1 2.00 1 25.00 1 1 1.00 2 1.00 1 1 
1 1 12.00 3 4 1680.00 3 5 3.00 4 1 1.00 1 35.00 3 2 1.00 3 1.00 1 1 
2 2 24.00 5 4 1216.00 2 2 4.00 3 1 4.00 4 38.00 1 2 2.00 3 2.00 1 1 
1 4 4.00 5 1 1455.00 1 4 2.00 3 1 1.00 1 42.00 3 2 3.00 2 2.00 1 1 
1 1 12.00 3 4 2214.00 1 3 4.00 3 1 3.00 2 24.00 3 2 1.00 2 1.00 1 1 
1 3 36.00 3 4 5848.00 1 3 4.00 3 1 1.00 3 24.00 3 2 1.00 3 1.00 1 1 
1 2 48.00 2 1 12169.00 5 1 4.00 3 2 4.00 4 36.00 3 3 1.00 4 1.00 2 1 
2 2 15.00 1 1 1778.00 1 2 2.00 2 1 1.00 1 26.00 3 1 2.00 1 1.00 1 1 
1 4 28.00 2 2 7824.00 5 2 3.00 3 3 4.00 1 40.00 1 1 2.00 3 2.00 2 1 
1 4 12.00 3 2 2445.00 5 2 2.00 4 1 4.00 3 26.00 3 1 1.00 3 1.00 2 1 
1 4 27.00 4 2 8613.00 4 3 2.00 3 1 2.00 3 27.00 3 2 2.00 3 1.00 1 1 
1 2 18.00 5 3 7374.00 1 1 4.00 3 1 4.00 2 40.00 2 2 2.00 4 1.00 2 1 
2 1 42.00 3 4 7174.00 5 4 4.00 2 1 3.00 3 30.00 3 2 1.00 4 1.00 2 1 
1 4 12.00 5 9 1264.00 5 5 4.00 3 1 4.00 4 57.00 3 1 1.00 2 1.00 1 1 
1 3 36.00 3 4 4473.00 1 5 4.00 3 1 2.00 3 31.00 3 2 1.00 3 1.00 1 1 
1 3 12.00 3 3 2251.00 1 3 1.00 2 1 2.00 3 46.00 3 2 1.00 2 1.00 1 1 
1 2 6.00 4 3 1050.00 1 1 4.00 3 1 1.00 2 35.00 2 2 2.00 4 1.00 2 1 
1 4 24.00 5 3 2028.00 1 4 2.00 3 1 2.00 2 30.00 3 2 2.00 2 1.00 1 1 
1 4 36.00 5 2 5842.00 1 5 2.00 3 1 2.00 2 35.00 3 2 2.00 3 2.00 2 1 
1 2 18.00 3 9 2622.00 2 3 4.00 3 1 4.00 3 34.00 3 2 1.00 3 1.00 1 1 
1 4 36.00 1 6 2613.00 1 3 4.00 3 1 2.00 3 27.00 3 2 2.00 3 1.00 1 1 
1 4 15.00 5 4 1459.00 1 3 4.00 2 1 2.00 3 43.00 3 2 1.00 2 1.00 1 1 
2 1 18.00 3 4 3190.00 1 3 2.00 2 1 2.00 1 24.00 3 2 1.00 3 1.00 1 1 
1 4 4.00 5 4 1544.00 1 4 2.00 3 1 1.00 1 42.00 3 2 3.00 2 2.00 1 1 
2 4 36.00 3 3 3349.00 1 3 4.00 2 1 2.00 3 28.00 3 2 1.00 4 1.00 2 1 
2 2 24.00 3 10 11328.00 1 3 2.00 3 2 3.00 3 29.00 1 2 2.00 4 1.00 2 1 
1 4 24.00 3 2 5433.00 5 1 2.00 2 1 4.00 2 26.00 3 1 1.00 4 1.00 2 1 
2 2 21.00 3 9 1188.00 1 5 2.00 2 1 4.00 2 39.00 3 2 1.00 3 2.00 1 1 
1 4 30.00 3 4 1867.00 5 5 4.00 3 1 4.00 3 58.00 3 2 1.00 3 1.00 2 1 
1 2 36.00 3 2 6948.00 1 3 2.00 3 1 2.00 3 35.00 3 1 1.00 4 1.00 2 1 
1 2 24.00 3 4 5084.00 5 5 2.00 2 1 4.00 3 42.00 3 2 1.00 3 1.00 2 1 
1 4 36.00 5 2 5711.00 4 5 4.00 3 1 2.00 3 38.00 3 2 2.00 4 1.00 2 1 
1 4 24.00 3 3 929.00 5 4 4.00 3 1 2.00 3 31.00 2 2 1.00 3 1.00 2 1 
1 4 12.00 3 1 2390.00 5 5 4.00 3 1 3.00 3 50.00 3 2 1.00 3 1.00 2 1 
2 1 24.00 3 3 2359.00 2 1 1.00 1 1 1.00 2 33.00 3 2 1.00 3 1.00 1 1 
1 4 36.00 3 4 3595.00 1 5 4.00 3 1 2.00 3 28.00 3 2 1.00 3 1.00 1 1 
1 1 30.00 3 3 3622.00 4 5 4.00 2 1 4.00 2 57.00 3 1 2.00 3 1.00 2 1 
1 2 12.00 4 4 585.00 1 3 4.00 4 2 4.00 1 20.00 3 1 2.00 3 1.00 1 1 
2 1 24.00 1 3 4110.00 1 5 3.00 3 1 4.00 4 23.00 1 1 2.00 3 2.00 1 1 
2 1 60.00 3 9 7297.00 1 5 4.00 3 2 4.00 4 36.00 3 1 1.00 3 1.00 1 1 
1 4 12.00 3 4 1963.00 1 4 4.00 3 1 2.00 3 31.00 3 1 2.00 4 2.00 2 1 
1 4 12.00 5 4 2331.00 5 5 1.00 3 2 4.00 1 49.00 3 2 1.00 3 1.00 2 1 
1 2 24.00 3 1 3512.00 2 4 2.00 3 1 3.00 3 38.00 1 2 2.00 3 1.00 2 1 
2 3 15.00 5 4 1271.00 5 3 3.00 3 1 4.00 4 39.00 3 3 2.00 3 1.00 2 1 
1 4 36.00 5 9 6304.00 5 5 4.00 3 1 4.00 1 36.00 3 2 2.00 3 1.00 1 1 
2 2 54.00 1 9 15945.00 1 2 3.00 3 1 4.00 4 58.00 3 1 1.00 3 1.00 2 1 
2 1 30.00 3 6 11998.00 1 2 1.00 1 1 1.00 4 34.00 3 2 1.00 2 1.00 2 1 
1 1 24.00 5 2 2957.00 1 5 4.00 3 1 4.00 2 63.00 3 2 2.00 3 1.00 2 1 
2 2 48.00 1 9 3844.00 2 4 4.00 3 1 4.00 4 34.00 3 3 1.00 2 2.00 1 1 
1 4 36.00 3 4 2299.00 3 5 4.00 3 1 4.00 3 39.00 3 2 1.00 3 1.00 1 1 
2 1 12.00 3 1 1228.00 1 3 4.00 2 1 2.00 1 24.00 3 2 1.00 2 1.00 1 1 
1 1 15.00 3 9 806.00 1 3 4.00 2 1 4.00 2 22.00 3 2 1.00 2 1.00 1 1 
1 1 12.00 3 1 1168.00 1 3 4.00 4 1 3.00 1 27.00 3 2 1.00 2 1.00 1 1 
1 4 12.00 5 1 682.00 2 4 4.00 2 1 3.00 3 51.00 3 2 2.00 3 1.00 2 1 
1 2 8.00 3 4 760.00 1 4 4.00 2 3 2.00 1 44.00 3 2 1.00 2 1.00 1 1 
2 4 21.00 4 9 2580.00 3 2 4.00 3 1 2.00 1 41.00 1 2 1.00 2 2.00 1 1 
2 3 12.00 2 9 609.00 1 2 4.00 2 1 1.00 1 26.00 3 2 1.00 1 1.00 1 1 
1 2 9.00 3 1 276.00 1 3 4.00 4 1 4.00 1 22.00 3 1 1.00 2 1.00 1 1 
1 3 6.00 5 1 1323.00 2 5 2.00 1 1 4.00 3 28.00 3 2 2.00 3 2.00 2 1 
1 4 6.00 5 1 362.00 2 3 4.00 2 1 4.00 3 52.00 3 2 2.00 2 1.00 1 1 
1 4 18.00 5 2 3850.00 1 4 3.00 3 1 1.00 3 27.00 3 2 2.00 3 1.00 1 1 
1 4 24.00 5 2 4042.00 5 4 3.00 3 1 4.00 2 43.00 3 2 2.00 3 1.00 2 1 
2 2 36.00 3 1 12389.00 5 3 1.00 3 1 4.00 4 37.00 3 3 1.00 3 1.00 2 1 
2 4 36.00 3 3 10974.00 1 1 4.00 2 1 2.00 3 26.00 3 2 2.00 4 1.00 2 1 
1 2 12.00 5 2 1804.00 2 2 3.00 3 1 4.00 2 44.00 3 2 1.00 3 1.00 1 1 
1 1 6.00 5 4 1169.00 5 5 4.00 3 1 4.00 1 67.00 3 2 2.00 3 1.00 2 1 
1 4 21.00 3 9 1572.00 4 5 4.00 2 1 4.00 1 36.00 1 2 1.00 2 1.00 1 1 
2 2 24.00 4 3 2064.00 1 1 3.00 2 1 2.00 2 34.00 3 2 1.00 4 1.00 2 1 
1 4 10.00 3 8 894.00 5 4 4.00 2 1 3.00 2 40.00 3 2 1.00 3 1.00 2 1 
1 4 18.00 5 4 1098.00 1 1 4.00 2 1 4.00 3 65.00 3 2 2.00 1 1.00 1 1 
1 4 36.00 5 1 6614.00 1 5 4.00 3 1 4.00 3 34.00 3 2 2.00 4 1.00 2 1 
1 3 6.00 5 1 1299.00 1 3 1.00 3 1 1.00 1 74.00 3 2 3.00 1 2.00 1 2 
2 2 9.00 3 3 959.00 1 3 1.00 2 1 2.00 3 29.00 3 2 1.00 3 1.00 1 2 
1 1 6.00 3 1 1203.00 2 5 3.00 3 1 2.00 2 43.00 3 2 1.00 3 1.00 2 1 
2 1 18.00 5 6 1190.00 1 1 2.00 2 1 4.00 4 55.00 3 3 3.00 1 2.00 1 1 
1 1 15.00 3 1 1721.00 1 2 2.00 3 1 3.00 1 36.00 3 2 1.00 3 1.00 1 1 
1 2 18.00 4 6 6204.00 1 3 2.00 3 1 4.00 1 44.00 3 2 1.00 2 2.00 2 1 
1 4 12.00 3 1 640.00 1 3 4.00 1 1 2.00 1 49.00 3 2 1.00 2 1.00 1 1 
2 2 18.00 1 1 2278.00 2 2 3.00 2 1 3.00 3 28.00 3 2 2.00 3 1.00 1 1 
2 1 15.00 3 5 1275.00 5 3 4.00 2 1 2.00 3 24.00 3 1 1.00 3 1.00 1 1 
1 4 12.00 5 4 1934.00 1 5 2.00 3 1 2.00 4 26.00 3 2 2.00 3 1.00 1 1 
1 2 12.00 3 8 754.00 5 5 4.00 3 1 4.00 2 38.00 3 2 2.00 3 1.00 1 1 
1 4 12.00 5 7 2096.00 1 4 2.00 3 1 3.00 1 49.00 3 2 1.00 2 2.00 1 1 
1 4 18.00 5 1 1028.00 1 3 4.00 2 1 3.00 1 36.00 3 2 2.00 3 1.00 1 1 
1 2 18.00 3 4 3213.00 3 2 1.00 4 1 3.00 1 25.00 3 1 1.00 3 1.00 1 1 
2 2 12.00 3 1 1223.00 1 5 1.00 1 1 1.00 1 46.00 3 1 2.00 3 1.00 1 1 
1 2 20.00 4 2 7057.00 5 4 3.00 3 1 4.00 2 36.00 1 1 2.00 4 2.00 2 1 
2 4 24.00 3 4 3621.00 2 5 2.00 3 1 4.00 3 31.00 3 2 2.00 3 1.00 1 1 
1 3 30.00 5 4 3656.00 5 5 4.00 3 1 4.00 2 49.00 2 2 2.00 2 1.00 1 1 
2 2 39.00 5 4 4933.00 1 4 2.00 3 3 2.00 1 25.00 3 2 2.00 3 1.00 1 1 
1 2 9.00 3 4 458.00 1 3 4.00 3 1 3.00 1 24.00 3 2 1.00 3 1.00 1 1 
2 2 9.00 5 7 1501.00 1 5 2.00 2 1 3.00 3 34.00 3 2 2.00 4 1.00 2 1 
2 2 48.00 3 1 6560.00 2 4 3.00 3 1 2.00 2 24.00 3 2 1.00 3 1.00 1 1 
1 1 10.00 5 3 2132.00 5 2 2.00 2 2 3.00 1 27.00 3 1 2.00 3 1.00 1 2 
1 4 15.00 4 3 960.00 4 4 3.00 2 1 2.00 2 30.00 3 2 2.00 3 1.00 1 1 
1 4 4.00 5 4 1503.00 1 4 2.00 3 1 1.00 1 42.00 3 2 2.00 2 2.00 1 1 
1 4 24.00 5 4 1516.00 4 3 4.00 2 1 1.00 1 43.00 3 2 2.00 2 1.00 1 1 
1 1 8.00 5 1 731.00 1 5 4.00 3 1 4.00 1 47.00 3 2 2.00 2 1.00 1 1 
1 4 21.00 3 3 2241.00 1 5 4.00 3 1 2.00 1 50.00 3 2 2.00 3 1.00 1 1 
1 2 18.00 5 3 1295.00 1 2 4.00 2 1 1.00 2 27.00 3 2 2.00 3 1.00 1 1 
2 1 42.00 4 4 4370.00 1 4 3.00 3 1 2.00 2 26.00 1 2 2.00 3 2.00 2 1 
1 2 48.00 3 1 8487.00 5 4 1.00 2 1 2.00 3 24.00 3 2 1.00 3 1.00 1 1 
2 1 18.00 5 3 2124.00 1 3 4.00 2 1 4.00 1 24.00 3 1 2.00 3 1.00 1 1 
1 2 6.00 3 4 2063.00 1 2 4.00 4 1 3.00 3 30.00 3 1 1.00 4 1.00 2 1 
2 4 12.00 3 3 1123.00 3 3 4.00 2 1 4.00 3 29.00 3 1 1.00 2 1.00 1 1 
1 2 18.00 3 4 1301.00 1 5 4.00 4 3 2.00 1 32.00 3 2 1.00 2 1.00 1 1 
1 1 11.00 5 1 3939.00 1 3 1.00 3 1 2.00 1 40.00 3 2 2.00 2 2.00 1 1 
1 2 12.00 3 4 1155.00 1 5 3.00 4 3 3.00 1 40.00 1 2 2.00 2 1.00 1 1 
2 1 36.00 4 9 2145.00 1 4 2.00 3 1 1.00 3 24.00 3 2 2.00 3 1.00 2 1 
1 4 24.00 4 3 4151.00 2 3 2.00 3 1 3.00 2 35.00 3 2 2.00 3 1.00 1 1 
1 4 10.00 3 2 2901.00 5 2 1.00 2 1 4.00 1 31.00 3 1 1.00 3 1.00 1 1 
1 4 21.00 5 2 3275.00 1 5 1.00 3 1 4.00 3 36.00 3 2 1.00 4 1.00 2 1 
1 4 12.00 5 1 926.00 1 1 1.00 2 1 2.00 2 38.00 3 2 1.00 1 1.00 1 1 
1 1 18.00 3 4 1936.00 5 4 2.00 4 1 4.00 3 23.00 3 1 2.00 2 1.00 1 1 
1 4 9.00 3 9 1449.00 1 4 3.00 2 1 2.00 3 27.00 3 2 2.00 3 1.00 1 1 
1 4 21.00 3 1 2782.00 3 4 1.00 2 1 2.00 3 31.00 1 2 1.00 4 1.00 1 1 
1 1 6.00 5 1 609.00 1 4 4.00 2 1 3.00 2 37.00 3 2 2.00 3 1.00 1 2 
1 2 36.00 4 1 7432.00 1 3 2.00 2 1 2.00 2 54.00 3 1 1.00 3 1.00 1 1 
1 4 14.00 4 1 802.00 1 3 4.00 3 1 2.00 3 27.00 3 2 2.00 2 1.00 1 1 
1 2 12.00 5 3 3617.00 1 5 1.00 3 1 4.00 3 28.00 3 1 3.00 3 1.00 2 1 
1 2 8.00 3 9 907.00 1 2 3.00 4 1 2.00 1 26.00 3 2 1.00 3 1.00 2 1 
1 4 15.00 3 1 5324.00 3 5 1.00 2 1 4.00 4 35.00 3 3 1.00 3 1.00 1 1 
1 2 12.00 5 1 3124.00 1 2 1.00 3 1 3.00 1 49.00 1 2 2.00 2 2.00 1 1 
1 4 27.00 4 9 5117.00 1 4 3.00 3 1 4.00 3 26.00 3 2 2.00 3 1.00 1 1 
1 2 36.00 3 7 3711.00 5 3 2.00 4 1 2.00 3 27.00 3 2 1.00 3 1.00 1 1 
1 1 21.00 5 1 1602.00 1 5 4.00 4 1 3.00 3 30.00 3 2 2.00 3 1.00 2 1 
2 1 12.00 3 1 900.00 5 3 4.00 4 1 2.00 3 23.00 3 2 1.00 3 1.00 1 1 
1 4 39.00 3 2 8588.00 2 5 4.00 3 1 2.00 3 45.00 3 2 1.00 4 1.00 2 1 
1 4 12.00 4 2 1503.00 1 3 4.00 4 1 4.00 1 41.00 3 1 1.00 3 1.00 1 1 
1 1 12.00 3 3 2578.00 1 1 3.00 2 1 4.00 4 55.00 3 3 1.00 4 1.00 1 1 
2 2 45.00 5 4 4746.00 1 2 4.00 3 1 2.00 2 25.00 3 2 2.00 2 1.00 1 1 
1 4 6.00 3 8 1238.00 5 1 4.00 3 1 4.00 2 36.00 3 2 1.00 4 2.00 2 1 
2 4 36.00 5 3 7127.00 1 2 2.00 2 1 4.00 2 23.00 3 1 2.00 3 1.00 2 1 
1 2 48.00 2 9 3566.00 2 4 4.00 3 1 2.00 3 30.00 3 2 1.00 3 1.00 1 1 
1 4 12.00 3 4 2279.00 5 3 4.00 3 1 4.00 4 37.00 3 3 1.00 3 1.00 2 1 
2 1 28.00 3 1 4006.00 1 3 3.00 3 1 2.00 3 45.00 3 2 1.00 2 1.00 1 1 
1 2 12.00 5 1 1995.00 2 2 4.00 3 1 1.00 3 27.00 3 2 1.00 3 1.00 1 1 
1 4 12.00 3 4 3077.00 1 3 2.00 3 1 4.00 3 52.00 3 2 1.00 3 1.00 2 1 
1 1 12.00 3 3 1657.00 1 3 2.00 3 1 2.00 1 27.00 3 2 1.00 3 1.00 1 1 
2 1 24.00 3 1 1207.00 1 2 4.00 2 1 4.00 2 24.00 3 1 1.00 3 1.00 1 1 
1 1 12.00 5 1 2171.00 1 3 4.00 3 1 4.00 2 38.00 1 2 2.00 2 1.00 1 2 
1 2 20.00 4 10 2629.00 1 3 2.00 3 1 3.00 3 29.00 1 2 2.00 3 1.00 2 1 
1 1 20.00 5 3 4272.00 1 5 1.00 2 1 4.00 2 24.00 3 2 2.00 3 1.00 1 1 
1 2 48.00 1 9 12204.00 5 3 2.00 3 1 2.00 3 48.00 1 2 1.00 4 1.00 2 1 
2 1 24.00 2 3 3552.00 1 4 3.00 3 1 4.00 3 27.00 1 2 1.00 3 1.00 1 1 
1 1 10.00 5 1 1038.00 1 4 4.00 3 2 3.00 2 49.00 3 2 2.00 3 1.00 2 1 
1 4 7.00 4 4 846.00 5 5 3.00 3 1 4.00 4 36.00 3 3 1.00 3 1.00 1 1 
1 1 6.00 3 5 343.00 1 2 4.00 2 1 1.00 1 27.00 3 2 1.00 3 1.00 1 1 
1 4 36.00 4 3 7678.00 3 4 2.00 2 1 4.00 3 40.00 3 2 2.00 3 1.00 2 1 
2 4 36.00 3 7 1819.00 1 3 4.00 3 1 4.00 4 37.00 2 3 1.00 3 1.00 2 1 
1 4 6.00 1 1 1204.00 2 3 4.00 3 1 1.00 4 35.00 1 1 1.00 3 1.00 1 2 
2 2 24.00 2 7 1837.00 1 4 4.00 2 1 4.00 4 34.00 1 3 1.00 2 1.00 1 1 
1 4 9.00 3 3 2301.00 2 2 2.00 2 1 4.00 2 22.00 3 1 1.00 3 1.00 1 1 
1 4 18.00 3 2 3378.00 5 3 2.00 3 1 1.00 2 31.00 3 2 1.00 3 1.00 2 1 
2 1 30.00 3 3 3108.00 1 2 2.00 1 1 4.00 2 31.00 3 2 1.00 2 1.00 1 1 
1 4 15.00 3 5 874.00 5 2 4.00 2 1 1.00 1 24.00 3 2 1.00 3 1.00 1 1 
2 2 48.00 1 9 14421.00 1 3 2.00 3 1 2.00 3 25.00 3 2 1.00 3 1.00 2 1 
1 4 6.00 3 2 1236.00 3 3 2.00 3 1 4.00 2 50.00 3 1 1.00 3 1.00 1 1 
2 1 6.00 3 1 14896.00 1 5 1.00 3 1 4.00 4 68.00 1 2 1.00 4 1.00 2 1 
1 4 15.00 5 3 1520.00 5 5 4.00 3 1 4.00 2 63.00 3 2 1.00 3 1.00 1 1 
2 4 10.00 3 1 1309.00 5 3 4.00 3 3 4.00 2 27.00 3 2 1.00 2 1.00 1 1 
1 4 15.00 3 1 3186.00 4 4 2.00 2 1 3.00 3 20.00 3 1 1.00 3 1.00 1 1 
1 4 6.00 3 4 2108.00 1 4 2.00 4 1 2.00 1 29.00 3 1 1.00 3 1.00 1 1 
1 1 36.00 3 1 3249.00 1 4 2.00 3 1 4.00 4 39.00 1 3 1.00 4 2.00 2 1 
1 1 24.00 5 2 6419.00 1 5 2.00 2 1 4.00 4 44.00 3 3 2.00 4 2.00 2 1 
1 4 30.00 5 4 6742.00 5 4 2.00 3 1 3.00 2 36.00 3 2 2.00 3 1.00 1 1 
1 1 12.00 3 1 1893.00 1 3 4.00 2 3 4.00 2 29.00 3 2 1.00 3 1.00 2 1 
1 4 4.00 5 1 3380.00 1 4 1.00 2 1 1.00 1 37.00 3 2 1.00 3 2.00 1 1 
1 4 18.00 3 4 4594.00 1 2 3.00 3 1 2.00 3 32.00 3 2 1.00 3 1.00 2 1 
1 1 42.00 5 6 3394.00 1 1 4.00 3 2 4.00 3 65.00 3 2 2.00 1 1.00 1 1 
2 1 12.00 3 7 795.00 1 2 4.00 2 1 4.00 2 53.00 3 2 1.00 3 1.00 1 1 
1 4 60.00 3 1 10366.00 1 5 2.00 3 1 4.00 2 42.00 3 2 1.00 4 1.00 2 1 
1 4 15.00 4 2 3594.00 1 2 1.00 2 1 2.00 2 46.00 3 2 2.00 2 1.00 1 1 
1 4 24.00 5 7 1927.00 5 3 3.00 2 1 2.00 3 33.00 3 2 2.00 3 1.00 2 1 
2 2 15.00 2 1 1264.00 2 3 2.00 4 1 2.00 2 25.00 3 1 1.00 3 1.00 1 1 
1 4 12.00 5 4 717.00 1 5 4.00 3 1 4.00 1 52.00 3 2 3.00 3 1.00 1 1 
1 3 15.00 3 7 1905.00 1 5 4.00 3 1 4.00 3 40.00 3 1 1.00 4 1.00 2 1 
1 4 15.00 3 3 2708.00 1 2 2.00 3 1 3.00 2 27.00 1 2 2.00 2 1.00 1 1 
1 2 18.00 5 3 6361.00 1 5 2.00 3 1 1.00 4 41.00 3 2 1.00 3 1.00 2 1 
2 1 36.00 3 3 3446.00 1 5 4.00 3 1 2.00 3 42.00 3 2 1.00 3 2.00 1 1 
2 4 18.00 3 4 433.00 1 1 3.00 2 2 4.00 1 22.00 3 1 1.00 3 1.00 1 1 
1 2 24.00 5 7 5743.00 1 2 2.00 2 1 4.00 4 24.00 3 3 2.00 3 1.00 2 1 
1 4 10.00 5 3 2069.00 5 3 2.00 4 1 1.00 3 26.00 3 2 2.00 3 1.00 1 2 
1 1 12.00 3 4 1498.00 1 3 4.00 2 1 1.00 3 23.00 1 2 1.00 3 1.00 1 1 
2 1 60.00 4 9 6836.00 1 5 3.00 3 1 4.00 4 63.00 3 2 2.00 3 1.00 2 1 
1 2 6.00 3 6 454.00 1 2 3.00 4 1 1.00 2 22.00 3 2 1.00 2 1.00 1 1 
1 4 18.00 5 4 1582.00 4 5 4.00 3 1 4.00 3 46.00 3 2 2.00 3 1.00 1 1 
1 1 9.00 5 6 1288.00 2 5 3.00 3 3 4.00 1 48.00 3 2 2.00 3 2.00 1 2 
2 1 48.00 5 2 6331.00 1 5 4.00 3 1 4.00 4 46.00 3 3 2.00 3 1.00 2 1 
1 4 12.00 3 9 1076.00 1 3 2.00 4 1 2.00 1 26.00 3 2 1.00 3 1.00 2 2 
1 1 6.00 5 1 1361.00 1 2 2.00 3 1 4.00 1 40.00 3 2 1.00 2 2.00 1 2 
1 1 24.00 3 3 7721.00 5 2 1.00 2 1 2.00 2 30.00 3 2 1.00 3 1.00 2 2 
1 2 10.00 2 4 1048.00 1 3 4.00 3 1 4.00 1 23.00 2 2 1.00 2 1.00 1 1 
1 4 24.00 3 3 5511.00 2 3 4.00 3 1 1.00 3 25.00 2 2 1.00 3 1.00 1 1 
1 3 12.00 3 3 1474.00 1 2 4.00 2 1 1.00 2 33.00 1 2 1.00 4 1.00 2 1 
1 4 18.00 5 4 629.00 3 5 4.00 3 1 3.00 2 32.00 1 2 2.00 4 1.00 2 1 
2 1 6.00 5 3 3384.00 1 3 1.00 1 1 4.00 1 44.00 3 1 1.00 4 1.00 2 1 
1 4 24.00 3 4 3181.00 1 2 4.00 2 1 4.00 2 26.00 3 2 1.00 3 1.00 2 1 
2 2 12.00 3 4 6468.00 5 1 2.00 3 1 1.00 4 52.00 3 2 1.00 4 1.00 2 1 
2 2 30.00 5 1 5234.00 1 1 4.00 4 1 2.00 3 28.00 3 2 2.00 4 1.00 1 1 
2 1 36.00 4 7 6887.00 1 3 4.00 3 1 3.00 2 29.00 2 2 1.00 3 1.00 2 1 
2 1 18.00 2 3 1553.00 1 3 4.00 3 1 3.00 3 44.00 1 2 1.00 3 1.00 1 1 
2 1 27.00 1 9 5293.00 1 1 2.00 3 1 4.00 2 50.00 2 2 2.00 3 1.00 2 1 
1 4 21.00 3 2 2476.00 5 5 4.00 3 1 4.00 1 46.00 3 2 1.00 4 1.00 2 1 
1 4 15.00 5 2 3368.00 4 5 3.00 3 1 4.00 4 23.00 3 1 2.00 3 1.00 2 1 
1 1 24.00 2 3 2828.00 3 3 4.00 3 1 4.00 1 22.00 2 2 1.00 3 1.00 2 1 
1 4 36.00 3 1 909.00 3 5 4.00 3 1 4.00 2 36.00 3 2 1.00 3 1.00 1 1 
2 1 42.00 3 4 3965.00 1 2 4.00 3 1 3.00 3 34.00 3 2 1.00 3 1.00 1 1 
2 1 18.00 3 3 2462.00 1 3 2.00 3 1 2.00 3 22.00 3 2 1.00 3 1.00 1 1 
1 4 6.00 5 4 1554.00 1 4 1.00 2 1 2.00 3 24.00 3 1 2.00 3 1.00 2 1 
1 4 12.00 3 2 1413.00 4 4 3.00 3 1 2.00 2 55.00 3 2 1.00 3 1.00 1 2 
1 4 20.00 5 1 3485.00 5 2 2.00 1 1 4.00 1 44.00 3 2 2.00 3 1.00 2 1 
1 2 12.00 3 1 1007.00 4 3 4.00 4 1 1.00 1 22.00 3 2 1.00 3 1.00 1 1 
1 4 6.00 5 1 2080.00 3 3 1.00 4 1 2.00 3 24.00 3 2 1.00 3 1.00 1 1 
1 2 12.00 5 2 1860.00 1 1 4.00 3 1 2.00 3 34.00 3 2 2.00 4 1.00 2 1 
1 4 12.00 3 3 1768.00 1 3 3.00 3 1 2.00 1 24.00 3 1 1.00 2 1.00 1 1 
1 3 12.00 3 1 1330.00 1 2 4.00 3 1 1.00 1 26.00 3 2 1.00 3 1.00 1 1 
1 1 6.00 5 1 4716.00 5 2 1.00 3 1 3.00 1 44.00 3 2 2.00 2 2.00 1 1 
1 2 36.00 4 9 9857.00 2 4 1.00 3 1 3.00 2 31.00 3 2 2.00 2 2.00 2 1 
1 3 24.00 3 4 1377.00 2 5 4.00 2 1 2.00 4 47.00 3 3 1.00 3 1.00 2 1 
1 2 30.00 3 4 2991.00 5 5 2.00 2 1 4.00 3 25.00 3 2 1.00 3 1.00 1 1 
2 1 48.00 3 5 3051.00 1 3 3.00 3 1 4.00 3 54.00 3 2 1.00 3 1.00 1 1 
1 4 12.00 5 9 1185.00 1 3 3.00 2 1 2.00 1 27.00 3 2 2.00 3 1.00 1 1 
1 1 30.00 5 2 10623.00 1 5 3.00 3 1 4.00 4 38.00 3 3 3.00 4 2.00 2 1 
1 2 18.00 3 9 1913.00 4 2 3.00 4 1 3.00 1 36.00 1 2 1.00 3 1.00 2 1 
1 1 27.00 5 9 2442.00 1 5 4.00 3 1 4.00 3 43.00 2 2 4.00 4 2.00 2 1 
1 1 6.00 3 3 428.00 1 5 2.00 2 1 1.00 2 49.00 1 2 1.00 3 1.00 2 1 
1 4 36.00 5 4 9566.00 1 3 2.00 2 1 2.00 3 31.00 2 2 2.00 3 1.00 1 1 
1 4 15.00 4 4 1478.00 1 3 4.00 4 1 3.00 1 33.00 1 2 2.00 3 1.00 1 1 
2 1 12.00 2 4 2149.00 1 3 4.00 1 1 1.00 4 29.00 3 3 1.00 3 1.00 1 1 
2 4 18.00 2 1 6458.00 1 5 2.00 3 1 4.00 4 39.00 1 2 2.00 4 2.00 2 1 
1 4 12.00 5 4 1291.00 1 3 4.00 2 1 2.00 2 35.00 3 2 2.00 3 1.00 1 1 
1 1 18.00 3 4 3509.00 1 4 4.00 2 3 1.00 1 25.00 3 2 1.00 3 1.00 1 1 
1 4 15.00 5 1 5045.00 5 5 1.00 2 1 4.00 3 59.00 3 2 1.00 3 1.00 2 1 
1 3 6.00 5 7 1047.00 1 3 2.00 2 1 4.00 2 50.00 3 2 1.00 2 1.00 1 1 
2 2 27.00 3 9 3915.00 1 3 4.00 3 1 2.00 3 36.00 3 2 1.00 3 2.00 2 1 
1 1 6.00 5 1 3676.00 1 3 1.00 3 1 3.00 1 37.00 3 1 3.00 3 2.00 1 1 
1 1 18.00 2 4 1940.00 1 2 3.00 3 2 4.00 4 36.00 1 3 1.00 4 1.00 2 1 
1 3 24.00 5 3 3617.00 5 5 4.00 3 2 4.00 4 20.00 3 1 2.00 3 1.00 1 1 
2 2 45.00 3 4 3031.00 2 3 4.00 3 3 4.00 2 21.00 3 1 1.00 3 1.00 1 1 
1 2 45.00 5 2 4576.00 2 1 3.00 3 1 4.00 3 27.00 3 2 1.00 3 1.00 1 1 
1 4 24.00 5 2 5804.00 4 3 4.00 3 1 2.00 1 27.00 3 2 2.00 3 1.00 1 1 
2 3 18.00 3 4 2100.00 1 3 4.00 3 2 2.00 1 37.00 2 2 1.00 3 1.00 1 1 
1 4 18.00 5 4 2238.00 1 3 2.00 2 1 1.00 3 25.00 3 2 2.00 3 1.00 1 1 
2 4 15.00 3 7 4623.00 2 3 3.00 3 1 2.00 2 40.00 3 2 1.00 4 1.00 2 1 
2 4 9.00 3 3 1980.00 1 2 2.00 2 2 2.00 3 19.00 3 1 2.00 3 1.00 1 1 
1 4 11.00 5 1 7228.00 1 3 1.00 3 1 4.00 2 39.00 3 2 2.00 2 1.00 1 1 
1 2 21.00 5 9 3652.00 1 4 2.00 3 1 3.00 2 27.00 3 2 2.00 3 1.00 1 1 
1 1 24.00 3 4 3660.00 1 3 2.00 2 1 4.00 3 28.00 3 2 1.00 3 1.00 1 1 
1 4 10.00 5 1 1231.00 1 5 3.00 3 1 4.00 1 32.00 3 2 2.00 2 2.00 1 2 
1 1 12.00 5 2 1526.00 1 5 4.00 3 1 4.00 4 66.00 3 3 2.00 4 1.00 1 1 
1 3 42.00 5 2 4796.00 1 5 4.00 3 1 4.00 4 56.00 3 3 1.00 3 1.00 1 1 
1 4 24.00 5 2 2346.00 1 4 4.00 3 1 3.00 3 35.00 3 2 2.00 3 1.00 2 1 
1 4 6.00 2 1 783.00 5 3 1.00 3 3 2.00 1 26.00 2 2 1.00 2 2.00 1 1 
2 2 24.00 1 9 4241.00 1 3 1.00 3 1 4.00 1 36.00 3 2 3.00 2 1.00 2 1 
1 4 12.00 5 3 1402.00 3 4 3.00 2 1 4.00 3 37.00 3 1 1.00 3 1.00 2 1 
1 4 18.00 3 3 1984.00 1 3 4.00 3 1 4.00 4 47.00 1 3 2.00 3 1.00 1 1 
2 3 24.00 5 1 1344.00 5 4 4.00 3 1 2.00 1 37.00 1 2 2.00 2 2.00 1 1 
1 3 12.00 3 4 1881.00 1 3 2.00 2 1 2.00 3 44.00 3 1 1.00 2 1.00 2 1 
2 4 12.00 5 9 2292.00 1 1 4.00 3 1 2.00 3 42.00 2 2 2.00 4 1.00 2 1 
1 4 24.00 5 4 2611.00 1 5 4.00 4 2 3.00 1 46.00 3 2 2.00 3 1.00 1 1 
1 4 6.00 5 4 1740.00 1 5 2.00 4 1 2.00 1 30.00 3 1 2.00 3 1.00 1 1 
2 2 6.00 4 1 1209.00 1 1 4.00 3 1 4.00 2 47.00 3 2 1.00 4 1.00 2 1 
2 2 48.00 3 4 10961.00 4 4 1.00 3 2 2.00 4 27.00 1 2 2.00 3 1.00 2 1 
2 2 21.00 3 9 2767.00 2 5 4.00 1 1 2.00 3 61.00 1 1 2.00 2 1.00 1 1 
1 3 12.00 3 3 1424.00 5 5 3.00 2 1 4.00 1 55.00 3 2 1.00 4 1.00 2 1 
2 1 12.00 3 5 741.00 2 1 4.00 2 1 3.00 2 22.00 3 2 1.00 3 1.00 1 1 
2 2 27.00 1 9 8318.00 1 5 2.00 2 1 4.00 4 42.00 3 3 2.00 4 1.00 2 1 
2 1 21.00 2 1 1647.00 5 3 4.00 3 1 2.00 2 40.00 3 2 2.00 2 2.00 1 1 
1 4 18.00 5 4 1169.00 5 3 4.00 3 1 3.00 2 29.00 3 2 2.00 3 1.00 2 1 
1 1 30.00 3 4 2522.00 1 5 1.00 3 3 3.00 2 39.00 3 2 1.00 3 2.00 1 1 
1 4 12.00 5 1 1163.00 3 3 4.00 3 1 4.00 1 44.00 3 2 1.00 3 1.00 2 1 
1 4 24.00 3 1 7393.00 1 3 1.00 3 1 4.00 2 43.00 3 2 1.00 2 2.00 1 1 
1 1 18.00 5 3 1049.00 1 2 4.00 2 1 4.00 2 21.00 3 1 1.00 3 1.00 1 1 
2 2 12.00 3 3 1922.00 1 3 4.00 3 1 2.00 2 37.00 3 2 1.00 2 1.00 1 1 
1 4 9.00 5 7 1244.00 5 5 4.00 2 1 4.00 2 41.00 3 1 2.00 2 1.00 1 1 
1 4 9.00 3 7 3832.00 5 5 1.00 3 1 4.00 1 64.00 3 2 1.00 2 1.00 1 1 
1 3 21.00 3 1 2923.00 2 3 1.00 2 1 1.00 3 28.00 1 2 1.00 4 1.00 2 1 
1 4 24.00 3 3 3972.00 1 4 2.00 2 1 4.00 2 25.00 3 1 1.00 3 1.00 2 1 
2 4 36.00 4 9 7980.00 5 2 4.00 3 1 4.00 3 27.00 3 1 2.00 3 1.00 2 1 
1 4 24.00 5 10 6314.00 1 1 4.00 3 2 2.00 4 27.00 1 2 2.00 4 1.00 2 1 
1 1 6.00 5 1 666.00 4 4 3.00 2 1 4.00 1 39.00 3 2 2.00 2 1.00 2 1 
2 1 36.00 5 7 8065.00 1 3 3.00 2 1 2.00 4 25.00 3 2 2.00 4 1.00 2 1 
1 2 6.00 5 8 932.00 5 4 1.00 2 1 3.00 2 39.00 3 2 2.00 2 1.00 1 1 
1 2 24.00 3 1 1201.00 1 2 4.00 3 1 1.00 2 26.00 3 2 1.00 3 1.00 1 1 
2 2 12.00 3 1 1295.00 1 2 3.00 2 1 1.00 3 25.00 3 1 1.00 3 1.00 1 1 
2 2 27.00 5 4 2520.00 3 3 4.00 3 1 2.00 2 23.00 3 2 2.00 2 1.00 1 1 
1 4 15.00 3 2 3812.00 2 2 1.00 2 1 4.00 3 23.00 3 2 1.00 3 1.00 2 1 
1 4 9.00 5 1 2134.00 1 3 4.00 3 1 4.00 3 48.00 3 2 3.00 3 1.00 2 1 
2 2 12.00 3 4 766.00 3 3 4.00 3 1 3.00 1 66.00 3 2 1.00 2 1.00 1 1 
1 4 24.00 5 2 6842.00 5 3 2.00 3 1 4.00 2 46.00 3 2 2.00 4 2.00 2 1 
1 3 9.00 3 4 1126.00 2 5 2.00 1 1 4.00 1 49.00 3 2 1.00 3 1.00 1 1 
1 4 36.00 3 7 9055.00 5 3 2.00 3 1 4.00 4 35.00 3 3 1.00 2 2.00 2 1 
1 4 18.00 3 4 1473.00 1 2 3.00 4 1 4.00 1 39.00 3 2 1.00 3 1.00 2 1 
2 1 24.00 2 9 3161.00 1 3 4.00 3 1 2.00 2 31.00 3 1 1.00 3 1.00 2 1 
1 2 21.00 3 3 3976.00 5 4 2.00 3 1 3.00 3 35.00 3 2 1.00 3 1.00 2 1 
1 4 24.00 5 4 2684.00 1 3 4.00 3 1 2.00 1 35.00 3 2 2.00 2 1.00 1 1 
2 4 21.00 1 1 5003.00 5 3 1.00 2 1 4.00 2 29.00 1 2 2.00 3 1.00 2 1 
1 1 10.00 3 4 2315.00 1 5 3.00 3 1 4.00 1 52.00 3 2 1.00 2 1.00 1 1 
1 1 24.00 3 2 2924.00 1 3 3.00 3 3 4.00 4 63.00 1 2 1.00 3 2.00 2 1 
1 2 27.00 3 9 2528.00 1 2 4.00 2 1 1.00 2 32.00 3 2 1.00 3 2.00 2 1 
1 2 48.00 3 4 3979.00 5 4 4.00 3 1 1.00 3 41.00 3 2 2.00 3 2.00 2 1 
2 2 9.00 2 1 1437.00 2 4 2.00 3 1 3.00 4 29.00 3 2 1.00 3 1.00 1 1 
2 1 14.00 3 1 8978.00 1 5 1.00 1 1 4.00 2 45.00 3 2 1.00 4 1.00 2 2 
2 2 12.00 3 4 1484.00 5 3 2.00 4 1 1.00 1 25.00 3 2 1.00 3 1.00 2 1 
1 4 11.00 5 4 1154.00 2 1 4.00 2 1 4.00 1 57.00 3 2 3.00 2 1.00 1 1 
1 3 10.00 3 1 3949.00 1 2 1.00 3 3 1.00 2 37.00 3 2 1.00 2 2.00 1 1 
2 2 24.00 3 3 4057.00 1 4 3.00 1 1 3.00 3 43.00 3 2 1.00 3 1.00 2 1 
2 4 48.00 5 1 10127.00 3 3 2.00 3 1 2.00 4 44.00 1 3 1.00 3 1.00 1 1 
1 4 24.00 5 2 2197.00 5 4 4.00 3 1 4.00 3 43.00 3 2 2.00 3 2.00 2 1 
1 4 24.00 5 4 2223.00 2 5 4.00 3 1 4.00 2 52.00 1 2 2.00 3 1.00 1 1 
1 2 12.00 5 4 3573.00 1 3 1.00 2 1 1.00 1 23.00 3 2 1.00 2 1.00 1 1 
1 4 24.00 5 4 5103.00 1 2 3.00 4 1 3.00 4 47.00 3 3 3.00 3 1.00 2 1 
1 1 15.00 4 3 3643.00 1 5 1.00 2 1 4.00 2 27.00 3 2 2.00 2 1.00 1 1 
1 4 24.00 5 4 2578.00 4 5 2.00 3 1 2.00 3 34.00 3 2 1.00 3 1.00 1 1 
1 3 15.00 3 7 392.00 1 2 4.00 2 1 4.00 2 23.00 3 1 1.00 3 1.00 2 1 
1 1 12.00 3 4 1107.00 1 3 2.00 3 1 2.00 1 20.00 3 1 1.00 4 2.00 2 1 
1 4 30.00 5 4 4530.00 1 4 4.00 2 1 4.00 3 26.00 3 1 1.00 4 1.00 2 1 
1 4 12.00 3 3 1736.00 1 4 3.00 2 1 4.00 1 31.00 3 2 1.00 2 1.00 1 1 
1 3 18.00 2 4 1445.00 5 4 4.00 3 1 4.00 3 49.00 1 2 1.00 2 1.00 1 1 
2 1 12.00 3 2 3386.00 1 5 3.00 3 1 4.00 4 35.00 3 3 1.00 3 1.00 2 1 
1 2 24.00 3 4 3758.00 3 1 1.00 2 1 4.00 4 23.00 3 1 1.00 1 1.00 1 1 
2 1 21.00 3 4 1835.00 1 3 3.00 2 1 2.00 1 25.00 3 2 2.00 3 1.00 2 1 
1 4 9.00 3 3 1313.00 1 5 1.00 3 1 4.00 3 20.00 3 2 1.00 3 1.00 1 1 
1 1 15.00 3 4 1053.00 1 2 4.00 4 1 2.00 1 27.00 3 2 1.00 3 1.00 1 2 
2 4 18.00 4 9 2169.00 1 3 4.00 4 1 2.00 3 28.00 3 2 1.00 3 1.00 2 1 
1 1 12.00 3 3 652.00 1 5 4.00 2 1 4.00 2 24.00 3 1 1.00 3 1.00 1 1 
1 2 60.00 4 4 7418.00 5 3 1.00 3 1 1.00 1 27.00 3 2 1.00 2 1.00 1 1 
1 3 10.00 3 3 1275.00 1 2 4.00 2 1 2.00 2 23.00 3 2 1.00 3 1.00 1 1 
1 4 24.00 4 9 2375.00 3 3 4.00 3 1 2.00 3 44.00 3 2 2.00 3 2.00 2 1 
2 1 48.00 3 9 4308.00 1 2 3.00 2 1 4.00 2 24.00 3 1 1.00 3 1.00 1 1 
1 4 9.00 3 3 1388.00 1 3 4.00 2 1 2.00 1 26.00 3 1 1.00 3 1.00 1 1 
2 2 36.00 3 2 9398.00 1 2 1.00 4 1 4.00 3 28.00 3 1 1.00 4 1.00 2 1 
1 4 24.00 3 2 2679.00 1 2 4.00 2 1 1.00 4 29.00 3 2 1.00 4 1.00 2 1 
1 2 12.00 3 3 983.00 4 2 1.00 2 1 4.00 1 19.00 3 1 1.00 2 1.00 1 1 
1 4 6.00 3 3 1543.00 4 3 4.00 1 1 2.00 1 33.00 3 2 1.00 3 1.00 1 1 
2 1 18.00 3 3 4153.00 1 3 2.00 3 2 3.00 3 42.00 3 2 1.00 3 1.00 1 1 
2 1 36.00 3 2 8229.00 1 3 2.00 3 1 2.00 2 26.00 3 2 1.00 3 2.00 1 1 
1 4 24.00 5 6 5507.00 1 5 3.00 3 1 4.00 4 44.00 3 3 2.00 3 1.00 1 1 
2 1 6.00 3 7 448.00 1 2 4.00 2 1 4.00 2 23.00 3 2 1.00 3 1.00 1 1 
1 4 24.00 4 1 2032.00 1 5 4.00 3 1 4.00 4 60.00 3 3 2.00 3 1.00 2 1 
1 1 24.00 3 4 1603.00 1 5 4.00 2 1 4.00 3 55.00 3 2 1.00 3 1.00 1 1 
1 2 18.00 5 9 1887.00 5 3 4.00 4 1 4.00 1 28.00 1 2 2.00 3 1.00 1 1 
2 4 24.00 4 1 2538.00 1 5 4.00 3 1 4.00 3 47.00 3 2 2.00 2 2.00 1 1 
1 1 6.00 5 4 338.00 3 5 4.00 3 1 4.00 3 52.00 3 2 2.00 3 1.00 1 1 
2 1 9.00 3 1 654.00 1 3 4.00 3 1 3.00 3 28.00 3 2 1.00 2 1.00 1 1 
1 4 24.00 3 4 1901.00 2 3 4.00 3 1 4.00 3 29.00 3 1 1.00 4 1.00 2 1 
1 4 30.00 5 4 3077.00 5 5 3.00 3 1 2.00 3 40.00 3 2 2.00 3 2.00 2 1 
1 4 12.00 3 4 1262.00 1 3 3.00 3 1 2.00 3 25.00 3 2 1.00 3 1.00 1 1 
1 4 6.00 5 1 6761.00 1 4 1.00 3 1 3.00 4 45.00 3 2 2.00 4 2.00 2 1 
2 1 12.00 3 3 1282.00 1 3 2.00 2 1 4.00 3 20.00 3 1 1.00 3 1.00 1 1 
2 3 21.00 5 7 2319.00 1 2 2.00 1 1 1.00 3 33.00 3 1 1.00 3 1.00 1 1 
1 4 12.00 5 4 1240.00 5 5 4.00 2 1 2.00 1 38.00 3 2 2.00 3 1.00 2 1 
1 4 24.00 4 2 4679.00 1 4 3.00 3 1 3.00 3 35.00 3 2 2.00 2 1.00 2 1 
2 1 12.00 3 4 709.00 1 5 4.00 3 1 4.00 1 57.00 2 2 1.00 2 1.00 1 1 
1 1 8.00 5 10 1164.00 1 5 3.00 3 1 4.00 4 51.00 1 3 2.00 4 2.00 2 1 
1 1 30.00 3 2 3857.00 1 3 4.00 1 1 4.00 2 40.00 3 2 1.00 4 1.00 2 1 
2 2 15.00 4 6 1512.00 4 3 3.00 4 1 3.00 2 61.00 2 2 2.00 3 1.00 1 1 
1 4 24.00 3 9 1258.00 1 4 4.00 3 1 1.00 1 25.00 3 2 1.00 3 1.00 2 1 
1 4 48.00 4 4 12749.00 3 4 4.00 3 1 1.00 3 37.00 3 2 1.00 4 1.00 2 1 
1 4 18.00 5 3 1817.00 1 3 4.00 2 1 2.00 4 28.00 3 2 2.00 3 1.00 1 1 
1 1 42.00 3 3 7882.00 1 4 2.00 3 3 4.00 2 45.00 3 3 1.00 3 2.00 1 1 
1 4 24.00 3 3 2835.00 3 5 3.00 3 1 4.00 2 53.00 3 2 1.00 3 1.00 1 1 
2 1 24.00 5 1 1199.00 1 5 4.00 3 1 4.00 3 60.00 3 2 2.00 2 1.00 1 1 
1 1 15.00 3 1 1403.00 1 3 2.00 2 1 4.00 3 28.00 3 1 1.00 3 1.00 1 1 
1 4 24.00 3 4 3430.00 3 5 3.00 3 1 2.00 3 31.00 3 2 1.00 3 2.00 2 1 
1 1 10.00 5 1 2241.00 1 2 1.00 3 1 3.00 1 48.00 3 1 2.00 2 2.00 1 2 
1 1 6.00 3 3 1374.00 1 3 1.00 3 1 2.00 1 36.00 1 2 1.00 2 1.00 2 1 
1 3 12.00 2 4 409.00 4 3 3.00 2 1 3.00 1 42.00 3 1 2.00 3 1.00 1 1 
1 2 7.00 3 4 2415.00 1 3 3.00 3 3 2.00 1 34.00 3 2 1.00 3 1.00 1 1 
1 2 18.00 3 1 5866.00 2 3 2.00 3 1 2.00 3 30.00 3 2 2.00 3 1.00 2 1 
1 4 48.00 5 7 6110.00 1 3 1.00 3 1 3.00 4 31.00 1 3 1.00 3 1.00 2 1 
1 2 12.00 3 4 1158.00 3 3 3.00 1 1 1.00 3 26.00 3 2 1.00 3 1.00 2 1 
1 1 30.00 5 2 6187.00 2 4 1.00 4 1 4.00 3 24.00 3 1 2.00 3 1.00 1 1 
2 1 48.00 5 2 6143.00 1 5 4.00 2 1 4.00 4 58.00 2 3 2.00 2 1.00 1 1 
1 4 11.00 5 1 1393.00 1 2 4.00 2 1 4.00 3 35.00 3 2 2.00 4 1.00 1 1 
1 2 24.00 4 3 2333.00 5 2 4.00 3 1 2.00 2 29.00 1 2 1.00 2 1.00 1 1 
2 2 36.00 4 1 2225.00 1 5 4.00 3 1 4.00 4 57.00 1 3 2.00 3 1.00 2 1 
1 3 18.00 3 1 1961.00 1 5 3.00 2 1 2.00 3 23.00 3 2 1.00 4 1.00 1 1 
2 1 36.00 5 3 6229.00 1 2 4.00 2 2 4.00 4 23.00 3 1 2.00 2 1.00 2 1 
1 2 9.00 3 9 1391.00 1 3 2.00 4 1 1.00 1 27.00 1 2 1.00 3 1.00 2 1 
2 2 36.00 1 9 1953.00 1 5 4.00 3 1 4.00 4 61.00 3 3 1.00 4 1.00 2 1 
1 4 12.00 3 4 2171.00 1 2 2.00 2 1 2.00 3 29.00 1 2 1.00 3 1.00 1 1 
1 4 36.00 3 2 8133.00 1 3 1.00 2 1 2.00 2 30.00 1 2 1.00 3 1.00 1 1 
1 2 30.00 3 3 3832.00 1 2 2.00 4 1 1.00 2 22.00 3 2 1.00 3 1.00 1 1 
1 4 15.00 3 4 1213.00 3 5 4.00 3 1 3.00 2 47.00 2 2 1.00 3 1.00 2 1 
1 4 18.00 3 9 1568.00 2 3 3.00 2 1 4.00 2 24.00 3 1 1.00 2 1.00 1 1 
1 4 12.00 5 9 1412.00 1 3 4.00 2 3 2.00 1 29.00 3 2 2.00 4 1.00 2 1 
1 2 12.00 3 1 1318.00 4 5 4.00 3 1 4.00 1 54.00 3 2 1.00 3 1.00 2 1 
1 2 36.00 5 4 2337.00 1 5 4.00 3 1 4.00 1 36.00 3 2 1.00 3 1.00 1 1 
1 4 24.00 3 1 1469.00 2 5 4.00 4 1 4.00 1 41.00 3 1 1.00 2 1.00 1 1 
1 2 36.00 3 4 2323.00 1 4 4.00 3 1 4.00 3 24.00 3 1 1.00 3 1.00 1 1 
1 2 12.00 3 1 6078.00 1 4 2.00 3 1 2.00 3 32.00 3 2 1.00 3 1.00 1 1 
1 2 14.00 3 9 1410.00 3 5 1.00 4 1 2.00 1 35.00 3 2 1.00 3 1.00 2 1 
1 3 10.00 5 1 781.00 1 5 4.00 3 1 4.00 4 63.00 3 3 2.00 3 1.00 2 1 
1 2 15.00 5 4 2728.00 5 4 4.00 3 3 2.00 1 35.00 1 2 3.00 3 1.00 2 1 
1 3 6.00 3 1 709.00 4 2 2.00 4 1 2.00 1 27.00 3 2 1.00 1 1.00 1 2 
1 1 6.00 5 1 860.00 1 5 1.00 2 1 4.00 4 39.00 3 2 2.00 3 1.00 2 1 
1 1 36.00 5 3 5371.00 1 3 3.00 3 3 2.00 2 28.00 3 2 2.00 3 1.00 1 1 
1 4 6.00 3 4 1346.00 2 5 2.00 3 1 4.00 4 42.00 1 3 1.00 3 2.00 2 1 
1 4 18.00 5 1 1055.00 1 2 4.00 2 1 1.00 2 30.00 3 2 2.00 3 1.00 1 1 
1 4 6.00 3 3 2978.00 3 3 1.00 3 1 2.00 3 32.00 3 2 1.00 3 1.00 2 1 
2 1 18.00 3 3 1131.00 1 1 4.00 2 1 2.00 3 33.00 3 2 1.00 3 1.00 1 1 
1 2 11.00 3 3 1577.00 4 2 4.00 2 1 1.00 1 20.00 3 2 1.00 3 1.00 1 1 
2 2 24.00 5 9 1935.00 1 5 4.00 1 1 4.00 1 31.00 3 2 2.00 3 1.00 2 1 
2 1 21.00 4 7 3414.00 1 2 2.00 3 1 1.00 2 26.00 3 2 2.00 3 1.00 1 1 
2 4 30.00 2 2 7485.00 5 1 4.00 2 1 1.00 1 53.00 1 2 1.00 4 1.00 2 1 
1 1 21.00 5 1 571.00 1 5 4.00 3 1 4.00 1 65.00 3 2 2.00 3 1.00 1 1 
2 4 36.00 4 9 9572.00 1 2 1.00 1 1 1.00 3 28.00 3 2 2.00 3 1.00 1 1 
1 4 24.00 5 3 3777.00 4 3 4.00 3 1 4.00 1 50.00 3 2 1.00 3 1.00 2 1 
2 1 12.00 3 4 674.00 2 4 4.00 4 1 1.00 2 20.00 3 2 1.00 3 1.00 1 1 
1 2 18.00 1 3 3244.00 1 3 1.00 2 1 4.00 3 33.00 1 2 2.00 3 1.00 2 1 
1 2 24.00 3 2 2760.00 5 5 4.00 3 1 4.00 4 36.00 1 3 1.00 3 1.00 2 1 
2 2 18.00 4 3 4297.00 1 5 4.00 1 1 3.00 4 40.00 3 2 1.00 4 1.00 2 1 
1 4 12.00 5 1 1495.00 1 5 4.00 3 1 1.00 1 38.00 3 2 2.00 2 2.00 1 1 
1 4 12.00 5 3 1935.00 1 5 4.00 3 1 4.00 1 43.00 3 2 3.00 3 1.00 2 1 
1 1 24.00 3 9 6568.00 1 3 2.00 4 1 2.00 3 21.00 2 2 1.00 2 1.00 1 1 
1 4 36.00 3 4 3835.00 5 5 2.00 2 1 4.00 1 45.00 3 2 1.00 2 1.00 2 1 
1 3 36.00 3 4 3913.00 1 3 2.00 3 1 2.00 1 23.00 3 2 1.00 3 1.00 2 1 
1 4 12.00 3 4 707.00 1 3 4.00 3 1 2.00 1 30.00 1 2 2.00 3 1.00 1 1 
1 4 24.00 4 9 2978.00 5 3 4.00 3 1 4.00 1 32.00 3 2 2.00 3 2.00 2 1 
2 3 36.00 3 4 4210.00 1 3 4.00 3 1 2.00 3 26.00 3 2 1.00 3 1.00 1 1 
1 2 18.00 3 4 866.00 1 3 4.00 4 3 2.00 1 25.00 3 2 1.00 2 1.00 1 1 
2 1 24.00 3 4 1823.00 1 1 4.00 3 1 2.00 3 30.00 2 2 1.00 4 2.00 1 1 
2 1 24.00 3 1 915.00 5 5 4.00 2 1 2.00 3 29.00 1 2 1.00 3 1.00 1 1 
1 4 6.00 3 4 1595.00 1 4 3.00 3 1 2.00 2 51.00 3 2 1.00 3 2.00 1 1 
2 1 48.00 1 2 4605.00 1 5 3.00 3 1 4.00 4 24.00 3 3 2.00 3 2.00 1 1 
1 4 12.00 2 8 3447.00 3 3 4.00 2 1 3.00 1 35.00 3 2 1.00 2 2.00 1 1 
2 2 30.00 3 1 2150.00 1 3 4.00 2 3 2.00 4 24.00 1 2 1.00 3 1.00 1 1 
1 1 18.00 5 1 5302.00 1 5 2.00 3 1 4.00 4 36.00 3 3 3.00 4 1.00 2 1 
1 4 12.00 5 7 2748.00 1 5 2.00 2 1 4.00 4 57.00 1 3 3.00 2 1.00 1 1 
2 2 15.00 3 4 802.00 1 5 4.00 3 1 3.00 3 37.00 3 2 1.00 3 2.00 1 1 
1 4 24.00 3 4 999.00 5 5 4.00 3 1 2.00 3 25.00 3 2 2.00 3 1.00 1 1 
1 4 18.00 5 4 2404.00 1 3 2.00 2 1 2.00 3 26.00 3 2 2.00 3 1.00 1 1 
1 2 24.00 5 1 3878.00 2 2 4.00 1 1 2.00 3 37.00 3 2 1.00 3 1.00 2 1 
1 1 47.00 3 1 10722.00 1 2 1.00 2 1 1.00 1 35.00 3 2 1.00 2 1.00 2 1 
1 1 48.00 3 2 4788.00 1 4 4.00 3 1 3.00 2 26.00 3 2 1.00 3 2.00 1 1 
1 2 48.00 4 10 7582.00 2 1 2.00 3 1 4.00 4 31.00 3 3 1.00 4 1.00 2 1 
2 1 24.00 4 4 1024.00 1 2 4.00 4 1 4.00 1 48.00 2 2 1.00 3 1.00 1 1 
1 4 48.00 5 9 7629.00 5 5 4.00 1 1 2.00 3 46.00 1 2 2.00 4 2.00 1 1 
2 2 48.00 3 3 9960.00 1 2 1.00 2 1 2.00 3 26.00 3 2 1.00 3 1.00 2 1 
1 4 12.00 3 2 4675.00 5 2 1.00 2 1 4.00 3 20.00 3 1 1.00 3 1.00 1 1 
1 4 30.00 3 2 4811.00 5 4 2.00 2 1 4.00 2 24.00 2 1 1.00 2 1.00 1 1 
2 1 12.00 3 4 727.00 2 2 4.00 4 1 3.00 4 33.00 3 2 1.00 2 1.00 2 1 
1 3 24.00 3 3 3749.00 1 2 2.00 2 1 4.00 3 26.00 3 2 1.00 3 1.00 1 1 
1 3 4.00 3 1 1494.00 5 2 1.00 3 1 2.00 1 29.00 3 2 1.00 2 2.00 1 2 
1 2 24.00 3 3 4351.00 5 3 1.00 2 1 4.00 2 48.00 3 2 1.00 2 1.00 2 1 
2 2 30.00 5 1 4249.00 1 1 4.00 4 1 2.00 3 28.00 3 2 2.00 4 1.00 1 1 
1 1 24.00 3 2 2910.00 1 4 2.00 3 1 1.00 4 34.00 3 3 1.00 4 1.00 2 1 
1 2 6.00 3 4 1068.00 1 5 4.00 3 1 4.00 3 28.00 3 2 1.00 3 2.00 1 1 
2 4 18.00 5 7 1864.00 2 3 4.00 2 1 2.00 1 30.00 3 2 2.00 3 1.00 1 1 
2 2 60.00 3 1 7408.00 2 2 4.00 2 1 2.00 2 24.00 3 2 1.00 4 1.00 1 1 
1 2 13.00 3 4 2101.00 1 2 2.00 2 3 4.00 2 23.00 3 2 1.00 2 1.00 1 1 
1 2 10.00 3 3 1521.00 1 3 4.00 1 1 2.00 3 31.00 3 2 1.00 2 1.00 1 1 
1 1 21.00 3 3 3599.00 1 4 1.00 2 1 4.00 3 26.00 3 1 1.00 2 1.00 1 1 
1 2 18.00 3 9 4439.00 1 5 1.00 3 2 1.00 1 33.00 1 2 1.00 4 1.00 2 1 
1 2 13.00 5 4 882.00 1 2 4.00 3 3 4.00 1 23.00 3 2 2.00 3 1.00 1 1 
1 4 6.00 4 9 1743.00 2 3 1.00 3 1 2.00 1 34.00 3 2 2.00 2 1.00 1 1 
2 2 9.00 5 7 1136.00 4 5 4.00 3 1 3.00 4 32.00 3 3 2.00 3 2.00 1 1 
1 4 9.00 3 5 1236.00 1 2 1.00 2 1 4.00 1 23.00 3 1 1.00 3 1.00 2 1 
1 4 18.00 5 2 3229.00 5 1 2.00 3 1 4.00 4 38.00 3 2 1.00 4 1.00 2 1 
1 4 10.00 3 7 727.00 3 5 4.00 3 1 4.00 4 46.00 3 3 1.00 3 1.00 2 1 
1 3 12.00 4 1 2247.00 1 3 2.00 2 1 2.00 3 36.00 2 2 2.00 3 1.00 2 1 
1 4 6.00 3 3 1766.00 1 3 1.00 4 1 2.00 2 21.00 3 1 1.00 3 1.00 1 1 
2 1 18.00 3 3 2473.00 1 1 4.00 3 1 1.00 3 25.00 3 2 1.00 1 1.00 1 1 
1 4 36.00 3 1 3079.00 5 3 4.00 3 1 4.00 1 36.00 3 2 1.00 3 1.00 1 1 
1 4 10.00 5 3 2146.00 1 2 1.00 2 1 3.00 1 23.00 3 1 2.00 3 1.00 1 1 
1 4 60.00 5 1 13756.00 5 5 2.00 3 1 4.00 4 63.00 1 3 1.00 4 1.00 2 1 
2 2 60.00 2 10 14782.00 2 5 3.00 2 1 4.00 4 60.00 1 3 2.00 4 1.00 2 1 
1 4 18.00 4 4 2320.00 1 1 2.00 4 1 3.00 1 34.00 3 2 2.00 3 1.00 1 1 
2 2 36.00 3 1 14318.00 1 5 4.00 3 1 2.00 4 57.00 3 3 1.00 4 1.00 2 1 
1 1 20.00 3 3 2212.00 5 4 4.00 3 1 4.00 3 39.00 3 2 1.00 3 1.00 2 1 
1 4 22.00 3 1 1283.00 5 4 4.00 2 1 4.00 2 25.00 3 1 1.00 3 1.00 1 1 
1 4 30.00 4 9 4272.00 2 3 2.00 3 1 2.00 2 26.00 3 2 2.00 2 1.00 1 1 
1 4 18.00 3 4 1126.00 5 2 4.00 2 1 2.00 1 21.00 3 1 1.00 3 1.00 2 1 
1 2 15.00 5 9 2326.00 3 3 2.00 3 1 4.00 3 27.00 1 2 1.00 3 1.00 1 1 
2 4 24.00 4 9 8648.00 1 2 2.00 3 1 2.00 3 27.00 1 2 2.00 3 1.00 2 1 
1 2 18.00 4 1 2899.00 5 5 4.00 3 1 4.00 3 43.00 3 2 1.00 3 2.00 1 1 
1 4 24.00 3 4 3235.00 3 5 3.00 1 1 2.00 3 26.00 3 2 1.00 4 1.00 2 1 
1 2 24.00 3 4 1967.00 1 5 4.00 2 1 4.00 3 20.00 3 2 1.00 3 1.00 2 1 
1 4 33.00 5 2 7253.00 1 4 3.00 3 1 2.00 3 35.00 3 2 2.00 4 1.00 2 1 
1 4 10.00 3 1 1597.00 3 3 3.00 3 1 2.00 4 40.00 3 1 1.00 2 2.00 1 2 
1 1 18.00 4 7 8471.00 5 3 1.00 2 1 2.00 3 23.00 3 1 2.00 3 1.00 2 1 
2 2 18.00 3 1 1042.00 5 3 4.00 2 1 2.00 2 33.00 3 2 1.00 3 1.00 1 1 
1 4 21.00 4 3 1591.00 2 4 4.00 3 1 3.00 1 34.00 3 2 2.00 4 1.00 1 1 
2 2 12.00 3 3 2762.00 5 5 1.00 2 1 2.00 2 25.00 1 2 1.00 3 1.00 2 1 
1 4 18.00 5 4 1149.00 4 3 4.00 3 1 3.00 1 46.00 3 2 2.00 3 1.00 1 1 
1 4 5.00 3 9 3448.00 1 4 1.00 3 1 4.00 1 74.00 3 2 1.00 2 1.00 1 1 
1 1 6.00 5 3 1872.00 1 1 4.00 3 1 4.00 4 36.00 3 3 3.00 4 1.00 2 1 
1 4 24.00 5 6 2058.00 1 3 4.00 1 1 2.00 1 33.00 3 2 2.00 3 1.00 2 1 
1 1 9.00 3 3 2136.00 1 3 3.00 3 1 2.00 1 25.00 3 2 1.00 3 1.00 1 1 
1 1 12.00 3 3 1620.00 1 3 2.00 2 2 3.00 2 30.00 3 2 1.00 3 1.00 1 1 
2 4 12.00 3 7 719.00 1 5 4.00 3 1 4.00 3 41.00 1 2 1.00 2 2.00 1 1 
1 4 24.00 3 2 2670.00 1 5 4.00 3 1 4.00 3 35.00 3 2 1.00 4 1.00 2 1 
2 1 24.00 3 1 4817.00 1 4 2.00 3 2 3.00 2 31.00 3 2 1.00 3 1.00 2 1 
1 1 36.00 3 3 3620.00 1 3 1.00 3 3 2.00 2 37.00 3 2 1.00 3 2.00 1 1 
1 4 33.00 4 9 2764.00 1 3 2.00 2 1 2.00 3 26.00 3 2 2.00 3 1.00 2 1 
2 2 24.00 3 4 3092.00 2 2 3.00 4 1 2.00 3 22.00 3 1 1.00 3 1.00 2 1 
2 2 18.00 5 4 1245.00 1 3 4.00 4 1 2.00 3 33.00 3 2 1.00 3 1.00 1 1 
1 3 24.00 3 4 5152.00 1 4 4.00 3 1 2.00 3 25.00 1 2 1.00 3 1.00 1 1 
1 2 12.00 3 9 1037.00 2 4 3.00 3 1 4.00 1 39.00 3 2 1.00 2 1.00 1 1 
1 4 10.00 3 1 1418.00 2 3 3.00 3 1 2.00 1 35.00 3 1 1.00 2 1.00 1 2 
1 4 6.00 5 4 1237.00 2 3 1.00 2 1 1.00 2 27.00 3 2 2.00 3 1.00 1 1 
1 2 6.00 3 4 368.00 5 5 4.00 3 1 4.00 2 38.00 3 2 1.00 3 1.00 1 1 
1 4 24.00 3 4 1413.00 1 3 4.00 4 1 2.00 2 28.00 3 2 1.00 3 1.00 1 1 
2 1 12.00 3 1 759.00 1 4 4.00 3 1 2.00 1 26.00 3 2 1.00 3 1.00 1 1 
1 3 15.00 3 9 2687.00 1 4 2.00 3 1 4.00 2 26.00 3 1 1.00 3 1.00 2 1 
1 4 24.00 3 1 2255.00 5 2 4.00 3 1 1.00 2 54.00 3 2 1.00 3 1.00 1 1 
1 1 6.00 3 1 662.00 1 2 3.00 3 1 4.00 1 41.00 3 2 1.00 2 2.00 2 1 
1 2 36.00 3 7 2273.00 1 4 3.00 3 1 1.00 3 32.00 3 2 2.00 3 2.00 1 1 
1 2 18.00 5 3 3612.00 1 5 3.00 2 1 4.00 2 37.00 3 2 1.00 3 1.00 2 1 
1 3 18.00 3 3 3049.00 1 2 1.00 2 1 1.00 2 45.00 2 2 1.00 2 1.00 1 1 
1 4 12.00 5 1 1255.00 1 5 4.00 3 1 4.00 1 61.00 3 2 2.00 2 1.00 1 1 
2 1 24.00 4 1 1333.00 1 1 4.00 3 1 2.00 1 43.00 3 3 2.00 3 2.00 1 1 
1 4 12.00 5 6 996.00 5 4 4.00 2 1 4.00 1 23.00 3 2 2.00 3 1.00 1 1 
2 1 48.00 3 4 6999.00 1 4 1.00 4 3 1.00 1 34.00 3 2 2.00 3 1.00 2 1 
1 2 9.00 3 7 1199.00 1 4 4.00 2 1 4.00 2 67.00 3 2 2.00 4 1.00 2 1 
2 2 12.00 3 4 1331.00 1 2 2.00 3 1 1.00 3 22.00 2 2 1.00 3 1.00 1 1 
2 2 18.00 5 3 1928.00 1 2 2.00 3 1 2.00 1 31.00 3 2 2.00 2 1.00 1 1 
1 1 24.00 3 2 2964.00 5 5 4.00 3 1 4.00 4 49.00 1 3 1.00 3 2.00 2 1 
1 3 6.00 4 4 683.00 1 2 2.00 2 1 1.00 2 29.00 1 2 1.00 3 1.00 1 1 
2 1 48.00 3 4 6758.00 1 3 3.00 2 1 2.00 3 31.00 3 2 1.00 3 1.00 2 1 
2 1 24.00 3 3 3234.00 1 2 4.00 2 1 4.00 1 23.00 3 1 1.00 2 1.00 2 1 
1 2 9.00 3 4 1082.00 1 5 4.00 3 1 4.00 3 27.00 3 2 2.00 2 1.00 1 1 
1 2 12.00 3 4 2930.00 1 4 2.00 2 1 1.00 1 27.00 3 2 1.00 3 1.00 1 1 
2 2 36.00 3 6 2384.00 1 2 4.00 3 1 1.00 4 33.00 3 1 1.00 2 1.00 1 1 
1 1 9.00 5 1 2799.00 1 3 2.00 3 1 2.00 1 36.00 3 1 2.00 3 2.00 1 1 
2 1 12.00 5 3 2246.00 1 5 3.00 3 1 3.00 2 60.00 3 2 2.00 3 1.00 1 1 
1 2 24.00 4 1 1965.00 5 3 4.00 2 1 4.00 3 42.00 3 1 2.00 3 1.00 2 1 
2 2 24.00 3 1 2718.00 1 3 3.00 2 1 4.00 2 20.00 3 1 1.00 2 1.00 2 1 
2 1 24.00 3 1 1442.00 1 4 4.00 2 1 4.00 3 23.00 3 1 2.00 3 1.00 1 1 
1 2 7.00 3 4 2329.00 1 2 1.00 2 3 1.00 1 45.00 3 2 1.00 3 1.00 1 1 
1 4 24.00 5 9 4526.00 1 3 3.00 3 1 2.00 1 74.00 3 2 1.00 4 1.00 2 1 
2 4 18.00 4 3 1808.00 1 4 4.00 2 1 1.00 1 22.00 3 2 1.00 3 1.00 1 1 
2 4 48.00 3 9 3914.00 5 3 4.00 1 1 2.00 1 38.00 1 2 1.00 3 1.00 1 1 
2 2 24.00 3 1 1355.00 1 2 3.00 2 1 4.00 3 25.00 3 2 1.00 2 1.00 2 1 
1 4 12.00 3 7 1393.00 1 5 4.00 3 1 4.00 2 47.00 1 2 3.00 3 2.00 2 1 
1 4 60.00 4 4 15653.00 1 4 2.00 3 1 4.00 3 21.00 3 2 2.00 3 1.00 2 1 
1 4 12.00 3 4 1493.00 1 2 4.00 2 1 3.00 3 34.00 3 2 1.00 3 2.00 1 1 
1 2 15.00 3 6 1308.00 1 5 4.00 3 1 4.00 3 38.00 3 2 2.00 2 1.00 1 1 
2 3 24.00 3 1 947.00 1 4 4.00 3 1 3.00 4 38.00 1 3 1.00 3 2.00 1 1 
2 1 12.00 3 7 684.00 1 3 4.00 3 1 4.00 3 40.00 3 1 1.00 2 2.00 1 1 
1 4 48.00 3 4 10222.00 5 4 4.00 3 1 3.00 3 37.00 2 2 1.00 3 1.00 2 1 
1 2 30.00 1 9 4221.00 1 3 2.00 2 1 1.00 3 28.00 3 2 2.00 3 1.00 1 1 
2 1 12.00 5 1 4843.00 1 5 3.00 3 2 4.00 2 43.00 3 1 2.00 3 1.00 2 1 
1 4 18.00 3 4 1453.00 1 2 3.00 2 1 1.00 1 26.00 3 2 1.00 3 1.00 1 1 
1 4 6.00 3 7 1538.00 1 2 1.00 2 1 2.00 4 56.00 3 2 1.00 3 1.00 1 1 
1 4 60.00 3 1 6527.00 5 3 4.00 3 1 4.00 4 34.00 3 3 1.00 3 2.00 2 1 
1 3 10.00 5 4 1347.00 5 4 4.00 3 1 2.00 2 27.00 3 2 2.00 3 1.00 2 1 
1 2 36.00 4 1 2862.00 2 5 4.00 3 1 3.00 4 30.00 3 3 1.00 3 1.00 1 1 
1 1 15.00 5 3 975.00 1 3 2.00 1 1 3.00 2 25.00 3 2 2.00 3 1.00 1 1 
1 2 15.00 3 6 2631.00 2 3 3.00 2 1 2.00 1 25.00 3 2 1.00 2 1.00 1 1 
1 2 12.00 3 4 1103.00 1 4 4.00 3 3 3.00 1 29.00 3 2 2.00 3 1.00 1 2 
1 2 30.00 4 9 2503.00 2 5 4.00 3 1 2.00 2 41.00 2 2 2.00 3 1.00 1 1 
1 2 9.00 3 4 2118.00 1 3 2.00 3 1 2.00 1 37.00 3 2 1.00 2 2.00 1 1 
2 1 6.00 2 7 1198.00 1 5 4.00 2 1 4.00 4 35.00 3 3 1.00 3 1.00 1 1 
1 1 9.00 5 4 1138.00 1 3 4.00 3 1 4.00 1 25.00 3 2 2.00 2 1.00 1 1 
2 2 60.00 3 1 14027.00 1 4 4.00 3 1 2.00 4 27.00 3 2 1.00 4 1.00 2 1 
1 3 24.00 5 4 3148.00 5 3 3.00 3 1 2.00 3 31.00 3 2 2.00 3 1.00 2 1 
1 2 20.00 1 2 6148.00 2 5 3.00 4 1 4.00 3 31.00 1 2 2.00 3 1.00 2 1 
2 2 6.00 2 7 433.00 4 2 4.00 2 1 2.00 2 24.00 1 1 1.00 3 2.00 1 1 
2 4 27.00 3 1 2570.00 1 3 3.00 2 1 3.00 1 21.00 3 1 1.00 3 1.00 1 1 
1 4 6.00 5 1 250.00 4 3 2.00 2 1 2.00 1 41.00 1 2 2.00 2 1.00 1 1 
1 4 15.00 5 4 1316.00 3 3 2.00 4 1 2.00 2 47.00 3 2 2.00 2 1.00 1 1 
2 1 18.00 3 4 1882.00 1 3 4.00 2 1 4.00 3 25.00 1 1 2.00 3 1.00 1 1 
2 2 48.00 2 9 6416.00 1 5 4.00 2 1 3.00 4 59.00 3 1 1.00 3 1.00 1 1 
1 3 24.00 5 9 1275.00 4 3 2.00 1 1 4.00 1 36.00 3 2 2.00 3 1.00 2 1 
1 2 24.00 4 4 6403.00 1 2 1.00 3 1 2.00 3 33.00 3 2 1.00 3 1.00 1 1 
1 4 24.00 3 2 2603.00 4 3 2.00 2 1 4.00 3 28.00 3 1 1.00 3 1.00 2 1 
1 2 36.00 2 5 3990.00 5 2 3.00 2 1 2.00 4 29.00 1 2 1.00 1 1.00 1 1 
2 2 24.00 3 2 11560.00 1 3 1.00 2 1 4.00 3 23.00 3 1 2.00 4 1.00 1 1 
1 1 18.00 3 1 4380.00 2 3 3.00 3 1 4.00 3 35.00 3 2 1.00 2 2.00 2 1 
2 2 30.00 1 9 4280.00 2 3 4.00 2 1 4.00 3 26.00 3 1 2.00 2 1.00 1 1 
1 4 21.00 3 4 3160.00 5 5 4.00 3 1 3.00 2 41.00 3 2 1.00 3 1.00 2 1 
1 1 13.00 5 9 1797.00 1 2 3.00 3 1 1.00 2 28.00 1 2 2.00 2 1.00 1 1 
1 1 15.00 3 1 2511.00 1 1 1.00 2 1 4.00 3 23.00 3 1 1.00 3 1.00 1 1 
1 4 21.00 3 2 5248.00 5 3 1.00 3 1 3.00 3 26.00 3 2 1.00 3 1.00 1 1 
1 4 15.00 3 2 3029.00 1 4 2.00 3 1 2.00 3 33.00 3 2 1.00 3 1.00 1 1 
2 1 18.00 3 1 976.00 1 2 1.00 2 1 2.00 3 23.00 3 2 1.00 2 1.00 1 1 
1 4 30.00 5 4 5771.00 1 4 4.00 2 1 2.00 3 25.00 3 2 2.00 3 1.00 1 1 
2 1 24.00 3 1 1285.00 5 4 4.00 2 1 4.00 4 32.00 3 1 1.00 3 1.00 1 1 
1 4 24.00 3 1 1393.00 1 3 2.00 3 3 2.00 1 31.00 3 2 1.00 3 1.00 2 1 
1 4 24.00 5 1 2463.00 2 4 4.00 4 1 3.00 2 27.00 3 2 2.00 3 1.00 2 1 
1 3 12.00 5 1 1480.00 3 1 2.00 3 1 4.00 4 66.00 1 3 3.00 1 1.00 1 1 
1 4 36.00 5 1 3535.00 1 4 4.00 3 1 4.00 3 37.00 3 2 2.00 3 1.00 2 1 
2 2 12.00 3 1 836.00 2 2 4.00 2 1 2.00 2 23.00 1 2 1.00 2 1.00 1 1 
1 2 20.00 3 2 6468.00 5 1 1.00 1 1 4.00 1 60.00 3 2 1.00 4 1.00 2 1 
1 2 18.00 3 9 1941.00 4 3 4.00 3 1 2.00 2 35.00 3 2 1.00 2 1.00 2 1 
1 4 22.00 3 4 2675.00 3 5 3.00 3 1 4.00 3 40.00 3 2 1.00 3 1.00 1 1 
1 4 48.00 5 2 2751.00 5 5 4.00 3 1 3.00 3 38.00 3 2 2.00 3 2.00 2 1 
1 4 24.00 3 2 6313.00 5 5 3.00 3 1 4.00 3 41.00 3 2 1.00 4 2.00 2 1 
1 4 6.00 5 3 1221.00 5 3 1.00 4 1 2.00 2 27.00 3 2 2.00 3 1.00 1 1 
1 3 24.00 3 3 2892.00 1 5 3.00 1 1 4.00 4 51.00 3 3 1.00 3 1.00 1 1 
1 4 24.00 3 3 3062.00 3 5 4.00 3 1 3.00 4 32.00 3 1 1.00 3 1.00 2 1 
2 1 18.00 3 2 7511.00 5 5 1.00 3 1 4.00 2 51.00 3 3 1.00 3 2.00 2 1 
1 4 12.00 5 3 1258.00 1 2 2.00 2 1 4.00 2 22.00 3 1 2.00 2 1.00 1 1 
1 4 24.00 4 1 717.00 5 5 4.00 4 1 4.00 3 54.00 3 2 2.00 3 1.00 2 1 
1 4 24.00 5 7 1597.00 1 5 4.00 3 1 4.00 4 54.00 3 3 2.00 3 2.00 1 1 
1 2 18.00 5 4 1795.00 1 5 3.00 2 3 4.00 1 48.00 1 1 2.00 2 1.00 2 1 
1 4 12.00 5 4 976.00 5 5 4.00 3 1 4.00 3 35.00 3 2 2.00 3 1.00 1 1 
1 2 6.00 3 4 590.00 1 2 3.00 4 1 3.00 1 26.00 3 2 1.00 2 1.00 1 2 
1 4 12.00 5 4 930.00 5 5 4.00 3 1 4.00 1 65.00 3 2 4.00 3 1.00 1 1 
1 4 6.00 3 5 1338.00 3 3 1.00 1 1 4.00 1 62.00 3 2 1.00 3 1.00 1 1 
1 1 36.00 3 10 15857.00 1 1 2.00 1 2 3.00 3 43.00 3 2 1.00 4 1.00 1 1 
2 1 18.00 3 4 1345.00 1 3 4.00 4 1 3.00 1 26.00 1 2 1.00 3 1.00 1 1 
1 3 12.00 3 4 3016.00 1 3 3.00 4 1 1.00 3 24.00 3 2 1.00 3 1.00 1 1 
2 1 36.00 3 3 2712.00 1 5 2.00 3 1 2.00 2 41.00 1 2 1.00 3 2.00 1 1 
1 4 18.00 5 3 3780.00 1 2 3.00 1 1 2.00 3 35.00 3 2 2.00 4 1.00 2 1 
2 1 18.00 5 1 3966.00 1 5 1.00 2 1 4.00 1 33.00 1 1 3.00 3 1.00 2 1 
1 4 12.00 3 4 886.00 5 3 4.00 2 1 2.00 3 21.00 3 2 1.00 3 1.00 1 1 
2 1 36.00 3 3 5179.00 1 4 4.00 3 1 2.00 2 29.00 3 2 1.00 3 1.00 1 1 
1 4 21.00 4 2 2993.00 1 3 3.00 3 1 2.00 1 28.00 2 2 2.00 2 1.00 1 1 
2 4 18.00 3 6 1943.00 1 2 4.00 2 1 4.00 1 23.00 3 2 1.00 3 1.00 1 1 
1 4 24.00 2 9 1559.00 1 4 4.00 3 1 4.00 3 50.00 1 2 1.00 3 1.00 2 1 
1 4 18.00 3 3 3422.00 1 5 4.00 3 1 4.00 2 47.00 1 2 3.00 3 2.00 2 1 
2 4 18.00 3 1 6761.00 5 3 2.00 3 1 4.00 3 68.00 3 1 2.00 3 1.00 1 1 
1 4 24.00 3 1 1249.00 1 2 4.00 4 1 2.00 1 28.00 3 2 1.00 3 1.00 1 1 
1 4 15.00 5 4 1471.00 1 3 4.00 3 1 4.00 4 35.00 3 3 2.00 3 1.00 2 1 
2 1 18.00 2 1 1442.00 1 4 4.00 3 1 4.00 4 32.00 3 3 2.00 2 2.00 1 1 
1 4 24.00 3 1 1474.00 2 2 4.00 4 1 3.00 1 33.00 3 2 1.00 3 1.00 2 1 
1 4 15.00 5 3 3343.00 1 3 4.00 3 1 2.00 4 28.00 3 3 1.00 3 1.00 2 1 
2 1 24.00 3 4 2439.00 1 2 4.00 2 1 4.00 1 35.00 3 2 1.00 3 1.00 2 1 
1 4 27.00 5 3 4526.00 4 2 4.00 3 1 2.00 1 32.00 2 2 2.00 2 2.00 2 1 
1 1 18.00 3 4 2389.00 1 2 4.00 2 1 1.00 3 27.00 2 2 1.00 3 1.00 1 1 
1 4 12.00 5 3 3331.00 1 5 2.00 3 1 4.00 2 42.00 2 2 1.00 3 1.00 1 1 
1 3 6.00 5 1 1343.00 1 5 1.00 3 1 4.00 1 46.00 3 2 2.00 3 2.00 1 2 
1 1 12.00 3 3 3590.00 1 3 2.00 3 2 2.00 2 29.00 3 2 1.00 2 2.00 1 1 
2 1 9.00 3 1 1422.00 1 2 3.00 3 1 2.00 4 27.00 3 3 1.00 4 1.00 2 1 
1 2 30.00 5 1 2181.00 5 5 4.00 3 1 4.00 1 36.00 3 2 2.00 3 1.00 1 1 
2 2 48.00 3 9 15672.00 1 3 2.00 3 1 2.00 3 23.00 3 2 1.00 3 1.00 2 1 
1 4 15.00 5 4 1829.00 1 5 4.00 3 1 4.00 3 46.00 3 2 2.00 3 1.00 2 1 
1 1 21.00 3 4 2606.00 1 2 4.00 2 1 4.00 2 28.00 3 1 1.00 4 1.00 2 1 
2 1 16.00 5 1 2625.00 1 5 2.00 3 3 4.00 2 43.00 1 1 1.00 3 1.00 2 1 
1 4 24.00 3 4 1278.00 1 5 4.00 3 1 1.00 1 36.00 3 2 1.00 4 1.00 2 1 
2 2 24.00 5 3 4736.00 1 2 2.00 2 1 4.00 3 25.00 1 2 1.00 2 1.00 1 1 
1 4 10.00 3 2 2848.00 2 3 1.00 3 2 2.00 1 32.00 3 2 1.00 3 2.00 1 1 
2 1 9.00 3 4 1366.00 1 2 3.00 2 1 4.00 2 22.00 3 1 1.00 3 1.00 1 1 
1 2 12.00 3 1 2002.00 1 4 3.00 3 1 4.00 2 30.00 3 1 1.00 3 2.00 2 1 
2 1 12.00 2 1 697.00 1 2 4.00 3 1 2.00 3 46.00 1 2 2.00 3 1.00 2 1 
1 1 12.00 4 1 1344.00 1 3 4.00 3 1 2.00 1 43.00 3 2 2.00 2 2.00 1 1 
2 2 9.00 3 4 1670.00 1 2 4.00 2 1 2.00 3 22.00 3 2 1.00 3 1.00 2 1 
2 3 9.00 3 4 745.00 1 3 3.00 2 1 2.00 1 28.00 3 2 1.00 2 1.00 1 1 
2 2 60.00 3 7 6288.00 1 3 4.00 3 1 4.00 4 42.00 3 3 1.00 3 1.00 1 1 
1 4 10.00 3 1 1546.00 1 3 3.00 3 1 2.00 1 31.00 3 2 1.00 2 2.00 1 2 
1 4 12.00 3 1 2859.00 5 1 4.00 3 1 4.00 4 38.00 3 2 1.00 4 1.00 2 1 
2 2 24.00 3 2 4113.00 3 2 3.00 2 1 4.00 3 28.00 3 1 1.00 3 1.00 1 1 
1 2 9.00 5 4 1154.00 1 5 2.00 3 1 4.00 1 37.00 3 2 3.00 2 1.00 1 1 
1 2 24.00 3 3 3069.00 2 5 4.00 3 1 4.00 4 30.00 3 3 1.00 3 1.00 1 1 
1 2 21.00 4 1 2353.00 1 3 1.00 1 1 4.00 2 47.00 3 2 2.00 3 1.00 1 1 
1 4 15.00 3 1 3556.00 5 3 3.00 3 1 2.00 4 29.00 3 2 1.00 3 1.00 1 1 
2 4 24.00 3 4 2397.00 3 5 3.00 3 1 2.00 3 35.00 1 2 2.00 3 1.00 2 1 
1 4 42.00 3 4 7166.00 5 4 2.00 4 1 4.00 2 29.00 3 1 1.00 3 1.00 2 1 
2 4 48.00 3 9 4844.00 1 1 3.00 3 1 2.00 3 33.00 1 1 1.00 4 1.00 2 1 
1 1 15.00 5 3 1433.00 1 3 4.00 2 1 3.00 2 25.00 3 1 2.00 3 1.00 1 1 
1 4 13.00 3 4 1409.00 2 1 2.00 2 1 4.00 1 64.00 3 2 1.00 3 1.00 1 1 
1 1 24.00 3 2 6579.00 1 1 4.00 3 1 2.00 4 29.00 3 3 1.00 4 1.00 2 1 
1 2 24.00 5 4 1743.00 1 5 4.00 3 1 2.00 2 48.00 3 2 2.00 2 1.00 1 1 
1 4 12.00 5 7 3565.00 5 2 2.00 3 1 1.00 2 37.00 3 2 2.00 2 2.00 1 1 
1 1 36.00 3 3 3959.00 1 1 4.00 3 1 3.00 2 30.00 3 2 1.00 4 1.00 2 1 
1 4 12.00 3 4 804.00 1 5 4.00 3 1 4.00 3 38.00 3 2 1.00 3 1.00 1 1 
2 1 45.00 3 4 1845.00 1 3 4.00 3 1 4.00 4 23.00 3 3 1.00 3 1.00 2 1 
