계열 학년 중간 기말 과제  평점
1    3    93    65  100   2.92
2    3    98    70  100   3.75
1    4    95    80  100   4.29
2    4    90    70  100   4.06
2    4    98    90  100   4.90
1    4   100    80  100   3.49
1    4   100    90  100   3.56
2    2    91    50  100   3.38
2    2    88    80  100   3.14
2    2    90    95  100   3.50
2    2    88   100  100   4.42
2    2    95    80  100   3.88
1    2    80    60  100   3.23
1    3    96    70  100   3.03
2    3    98    35   80   2.84
2    2    84    90  100   4.15
2    3    98    90   90   4.13
1    3    94    80  100   3.95
2    3   100    60   70   3.65
1    2    78    60  100   2.21
1    3    94    90  100   4.16
2    2    93    75   90   3.31
2    2    98    75  100   3.43
1    4   100    70  100   3.30
1    4    98    80  100   3.95
1    4    96    80  100   4.28
2    4    98    80  100   3.23
1    4    98    75  100   2.65
1    2    96    75  100   3.86
2    3   100    70  100   4.35
1    4    94    50   80   3.65
1    4    94    80  100   3.62
2    4    98    60   90   2.79
2    4    94    60   90   3.54
1    4    86    70  100   2.40
